{
 "cells": [
  {
   "cell_type": "code",
   "execution_count": 19,
   "metadata": {},
   "outputs": [
    {
     "name": "stdout",
     "output_type": "stream",
     "text": [
      "[[1543.40965, 0.0, 979.342817], [0.0, 1541.34379, 513.776013], [0.0, 0.0, 1.0]]\n",
      "[[1.54340965e+03 0.00000000e+00 9.79342817e+02]\n",
      " [0.00000000e+00 1.54134379e+03 5.13776013e+02]\n",
      " [0.00000000e+00 0.00000000e+00 1.00000000e+00]]\n"
     ]
    }
   ],
   "source": [
    "import yaml\n",
    "import numpy as np\n",
    "\n",
    "with open('./controller_config.yaml', 'r', encoding='utf-8') as f:\n",
    "    result = yaml.load(f.read(), Loader=yaml.FullLoader)\n",
    "# result['camera_matrix']\n",
    "# print(result)\n",
    "print(result['camera_matrix'])\n",
    "print(np.matrix(result['camera_matrix']))"
   ]
  },
  {
   "cell_type": "code",
   "execution_count": 18,
   "metadata": {},
   "outputs": [],
   "source": [
    "import numpy as np\n",
    "import cv2\n",
    "import cv2.aruco as aruco\n",
    "parameters = aruco.DetectorParameters_create()\n",
    "aruco_dict = aruco.Dictionary_get(aruco.DICT_4X4_100)\n",
    "# camera_matrix =np.matrix ([[ 522.1905267183170736, 0.0000000000000000, 308.8532705794233948  ],\n",
    "#                   [ 0.0000000000000000, 522.8166355728753842, 234.2130798407917496 ],\n",
    "#                   [ 0.0000000000000000, 0.0000000000000000, 1.0000000000000000 ]])\n",
    "# # camera_matrix = [[1000, 0, 320], [0, 1000, 240], [0, 0, 1]]  # 示例相机矩阵\n",
    "# camera_dist = np.matrix([ 0.1058497356483027 ,-0.1488874492570700 ,0.0000000000000000 ,0.0000000000000000 ,-0.8698561798572152])\n",
    "\n",
    "camera_matrix = np.matrix(result['camera_matrix'])\n",
    "camera_dist = np.matrix(result['camera_dist'], dtype=np.float32)\n",
    "  # marker_length: 0.012\n",
    "marker_length = 0.005\n",
    "# parameters"
   ]
  },
  {
   "cell_type": "code",
   "execution_count": null,
   "metadata": {},
   "outputs": [],
   "source": [
    "for i in range(1, 8):\n",
    "    cap = cv2.VideoCapture(i)\n",
    "    cap.set(3,1920) #设置分辨率\n",
    "    cap.set(4,1080)\n",
    "    if cap.isOpened():\n",
    "        print( 'camera open')\n",
    "        while True:\n",
    "            ret, img = cap.read()\n",
    "            print(ret)\n",
    "            if not ret:\n",
    "                continue\n",
    "            else:\n",
    "                print(ret, \"camera id:\", i)\n",
    "                print(img.shape)\n",
    "            #\n",
    "\n",
    "                cv2.imshow('5', img)\n",
    "                # cv2.waitKey(10)\n",
    "                c = cv2.waitKey(10)\n",
    "                if c == 27:\n",
    "                        break\n",
    "                cap.set(cv2.CAP_PROP_FPS, 330)\n",
    "                # cv2.destroyAllWindows()\n",
    "    cap.release()\n",
    "    cv2.destroyAllWindows()\n",
    "    # break"
   ]
  },
  {
   "cell_type": "code",
   "execution_count": 31,
   "metadata": {},
   "outputs": [
    {
     "name": "stdout",
     "output_type": "stream",
     "text": [
      "未检测到任何标记或估计姿态失败\n",
      "未检测到任何标记或估计姿态失败\n",
      "未检测到任何标记或估计姿态失败\n",
      "未检测到任何标记或估计姿态失败\n",
      "未检测到任何标记或估计姿态失败\n",
      "未检测到任何标记或估计姿态失败\n",
      "未检测到任何标记或估计姿态失败\n",
      "未检测到任何标记或估计姿态失败\n",
      "未检测到任何标记或估计姿态失败\n",
      "未检测到任何标记或估计姿态失败\n",
      "未检测到任何标记或估计姿态失败\n",
      "未检测到任何标记或估计姿态失败\n",
      "未检测到任何标记或估计姿态失败\n",
      "未检测到任何标记或估计姿态失败\n",
      "未检测到任何标记或估计姿态失败\n",
      "未检测到任何标记或估计姿态失败\n",
      "未检测到任何标记或估计姿态失败\n",
      "未检测到任何标记或估计姿态失败\n",
      "未检测到任何标记或估计姿态失败\n",
      "未检测到任何标记或估计姿态失败\n",
      "未检测到任何标记或估计姿态失败\n",
      "未检测到任何标记或估计姿态失败\n",
      "未检测到任何标记或估计姿态失败\n",
      "未检测到任何标记或估计姿态失败\n",
      "未检测到任何标记或估计姿态失败\n",
      "未检测到任何标记或估计姿态失败\n",
      "未检测到任何标记或估计姿态失败\n",
      "未检测到任何标记或估计姿态失败\n",
      "未检测到任何标记或估计姿态失败\n",
      "未检测到任何标记或估计姿态失败\n",
      "未检测到任何标记或估计姿态失败\n",
      "未检测到任何标记或估计姿态失败\n",
      "未检测到任何标记或估计姿态失败\n",
      "未检测到任何标记或估计姿态失败\n",
      "未检测到任何标记或估计姿态失败\n",
      "未检测到任何标记或估计姿态失败\n",
      "未检测到任何标记或估计姿态失败\n",
      "未检测到任何标记或估计姿态失败\n",
      "未检测到任何标记或估计姿态失败\n",
      "未检测到任何标记或估计姿态失败\n",
      "未检测到任何标记或估计姿态失败\n",
      "未检测到任何标记或估计姿态失败\n",
      "未检测到任何标记或估计姿态失败\n",
      "未检测到任何标记或估计姿态失败\n",
      "未检测到任何标记或估计姿态失败\n",
      "未检测到任何标记或估计姿态失败\n",
      "未检测到任何标记或估计姿态失败\n",
      "未检测到任何标记或估计姿态失败\n",
      "未检测到任何标记或估计姿态失败\n",
      "未检测到任何标记或估计姿态失败\n",
      "未检测到任何标记或估计姿态失败\n",
      "未检测到任何标记或估计姿态失败\n",
      "未检测到任何标记或估计姿态失败\n",
      "未检测到任何标记或估计姿态失败\n",
      "未检测到任何标记或估计姿态失败\n",
      "未检测到任何标记或估计姿态失败\n",
      "未检测到任何标记或估计姿态失败\n",
      "未检测到任何标记或估计姿态失败\n",
      "未检测到任何标记或估计姿态失败\n",
      "未检测到任何标记或估计姿态失败\n",
      "未检测到任何标记或估计姿态失败\n",
      "未检测到任何标记或估计姿态失败\n",
      "未检测到任何标记或估计姿态失败\n",
      "未检测到任何标记或估计姿态失败\n",
      "未检测到任何标记或估计姿态失败\n",
      "未检测到任何标记或估计姿态失败\n",
      "未检测到任何标记或估计姿态失败\n",
      "未检测到任何标记或估计姿态失败\n",
      "未检测到任何标记或估计姿态失败\n",
      "未检测到任何标记或估计姿态失败\n",
      "未检测到任何标记或估计姿态失败\n",
      "未检测到任何标记或估计姿态失败\n",
      "未检测到任何标记或估计姿态失败\n",
      "未检测到任何标记或估计姿态失败\n",
      "未检测到任何标记或估计姿态失败\n",
      "未检测到任何标记或估计姿态失败\n",
      "未检测到任何标记或估计姿态失败\n",
      "未检测到任何标记或估计姿态失败\n",
      "Rotation Vectors: [[[-0.77096396  3.15621089 -0.09367545]]]\n",
      "Translation Vectors: [[[-0.01248508 -0.00775543  0.03889758]]]\n",
      "Rotation Matrix:\n",
      " [[-0.88190177 -0.46241382 -0.09177545]\n",
      " [-0.45615693  0.88615462 -0.08155278]\n",
      " [ 0.11903837 -0.03005753 -0.99243459]]\n",
      "Euler Angles (before adjustment): [-178.26523223   -6.83660754 -152.65008118]\n",
      "Euler Angles (after adjustment): [181.73476777  -6.83660754 207.34991882]\n",
      "Translation Vector (in mm): [-12.48508047  -7.75543354  38.89758171]\n",
      "Final Vector: [-12.48508047  -7.75543354  38.89758171 181.73476777  -6.83660754\n",
      " 207.34991882]\n",
      "Rotation Vectors: [[[-0.79836338  3.0728955  -0.08698798]]]\n",
      "Translation Vectors: [[[-0.01277689 -0.00824745  0.03970495]]]\n",
      "Rotation Matrix:\n",
      " [[-0.87307282 -0.487195   -0.01961859]\n",
      " [-0.48530496  0.87216849 -0.06165405]\n",
      " [ 0.04714827 -0.04430748 -0.99790475]]\n",
      "Euler Angles (before adjustment): [-177.45770802   -2.70239853 -150.93213335]\n",
      "Euler Angles (after adjustment): [182.54229198  -2.70239853 209.06786665]\n",
      "Translation Vector (in mm): [-12.77689325  -8.24745344  39.70494685]\n",
      "Final Vector: [-12.77689325  -8.24745344  39.70494685 182.54229198  -2.70239853\n",
      " 209.06786665]\n",
      "Rotation Vectors: [[[-0.79836338  3.0728955  -0.08698798]]]\n",
      "Translation Vectors: [[[-0.01277689 -0.00824745  0.03970495]]]\n",
      "Rotation Matrix:\n",
      " [[-0.87307282 -0.487195   -0.01961859]\n",
      " [-0.48530496  0.87216849 -0.06165405]\n",
      " [ 0.04714827 -0.04430748 -0.99790475]]\n",
      "Euler Angles (before adjustment): [-177.45770802   -2.70239853 -150.93213335]\n",
      "Euler Angles (after adjustment): [182.54229198  -2.70239853 209.06786665]\n",
      "Translation Vector (in mm): [-12.77689325  -8.24745344  39.70494685]\n",
      "Final Vector: [-12.77689325  -8.24745344  39.70494685 182.54229198  -2.70239853\n",
      " 209.06786665]\n",
      "Rotation Vectors: [[[-0.80119654  3.14471833 -0.02032085]]]\n",
      "Translation Vectors: [[[-0.01246085 -0.00848764  0.03749185]]]\n",
      "Rotation Matrix:\n",
      " [[-0.8730575  -0.4778367  -0.09717351]\n",
      " [-0.476541    0.87834586 -0.03764602]\n",
      " [ 0.1033406   0.01344002 -0.99455522]]\n",
      "Euler Angles (before adjustment): [ 179.22577484   -5.9315701  -151.37296232]\n",
      "Euler Angles (after adjustment): [179.22577484  -5.9315701  208.62703768]\n",
      "Translation Vector (in mm): [-12.46085313  -8.48763948  37.4918487 ]\n",
      "Final Vector: [-12.46085313  -8.48763948  37.4918487  179.22577484  -5.9315701\n",
      " 208.62703768]\n",
      "Rotation Vectors: [[[-0.80119654  3.14471833 -0.02032085]]]\n",
      "Translation Vectors: [[[-0.01246085 -0.00848764  0.03749185]]]\n",
      "Rotation Matrix:\n",
      " [[-0.8730575  -0.4778367  -0.09717351]\n",
      " [-0.476541    0.87834586 -0.03764602]\n",
      " [ 0.1033406   0.01344002 -0.99455522]]\n",
      "Euler Angles (before adjustment): [ 179.22577484   -5.9315701  -151.37296232]\n",
      "Euler Angles (after adjustment): [179.22577484  -5.9315701  208.62703768]\n",
      "Translation Vector (in mm): [-12.46085313  -8.48763948  37.4918487 ]\n",
      "Final Vector: [-12.46085313  -8.48763948  37.4918487  179.22577484  -5.9315701\n",
      " 208.62703768]\n",
      "Rotation Vectors: [[[-0.80337632  3.14776503 -0.03058867]]]\n",
      "Translation Vectors: [[[-0.0122905  -0.00810761  0.03672745]]]\n",
      "Rotation Matrix:\n",
      " [[-0.87231081 -0.47881583 -0.09904167]\n",
      " [-0.4768007   0.87787642 -0.04465518]\n",
      " [ 0.10832795  0.00826994 -0.99408081]]\n",
      "Euler Angles (before adjustment): [ 179.52335695   -6.21893832 -151.33920585]\n",
      "Euler Angles (after adjustment): [179.52335695  -6.21893832 208.66079415]\n",
      "Translation Vector (in mm): [-12.29050135  -8.10760621  36.72744883]\n",
      "Final Vector: [-12.29050135  -8.10760621  36.72744883 179.52335695  -6.21893832\n",
      " 208.66079415]\n",
      "Rotation Vectors: [[[-0.74801905  3.15454572 -0.11203581]]]\n",
      "Translation Vectors: [[[-0.01227661 -0.00786257  0.03627498]]]\n",
      "Rotation Matrix:\n",
      " [[-0.88870167 -0.45082172 -0.08348129]\n",
      " [-0.44376353  0.89155677 -0.09055637]\n",
      " [ 0.11525309 -0.04343164 -0.99238622]]\n",
      "Euler Angles (before adjustment): [-177.4940574    -6.61822309 -153.46524805]\n",
      "Euler Angles (after adjustment): [182.5059426   -6.61822309 206.53475195]\n",
      "Translation Vector (in mm): [-12.27660691  -7.86257458  36.27497838]\n",
      "Final Vector: [-12.27660691  -7.86257458  36.27497838 182.5059426   -6.61822309\n",
      " 206.53475195]\n",
      "Rotation Vectors: [[[-0.74801905  3.15454572 -0.11203581]]]\n",
      "Translation Vectors: [[[-0.01227661 -0.00786257  0.03627498]]]\n",
      "Rotation Matrix:\n",
      " [[-0.88870167 -0.45082172 -0.08348129]\n",
      " [-0.44376353  0.89155677 -0.09055637]\n",
      " [ 0.11525309 -0.04343164 -0.99238622]]\n",
      "Euler Angles (before adjustment): [-177.4940574    -6.61822309 -153.46524805]\n",
      "Euler Angles (after adjustment): [182.5059426   -6.61822309 206.53475195]\n",
      "Translation Vector (in mm): [-12.27660691  -7.86257458  36.27497838]\n",
      "Final Vector: [-12.27660691  -7.86257458  36.27497838 182.5059426   -6.61822309\n",
      " 206.53475195]\n",
      "Rotation Vectors: [[[-0.6789003   3.16255083 -0.02454611]]]\n",
      "Translation Vectors: [[[-0.01263492 -0.00829292  0.03663955]]]\n",
      "Rotation Matrix:\n",
      " [[-0.90776009 -0.41021694 -0.08771368]\n",
      " [-0.40880602  0.91197583 -0.03431785]\n",
      " [ 0.09407052  0.0047055  -0.99555442]]\n",
      "Euler Angles (before adjustment): [ 179.72919255   -5.39782498 -155.75577631]\n",
      "Euler Angles (after adjustment): [179.72919255  -5.39782498 204.24422369]\n",
      "Translation Vector (in mm): [-12.63491918  -8.29291728  36.63954752]\n",
      "Final Vector: [-12.63491918  -8.29291728  36.63954752 179.72919255  -5.39782498\n",
      " 204.24422369]\n",
      "Rotation Vectors: [[[-0.64329377  3.16144771 -0.05271404]]]\n",
      "Translation Vectors: [[[-0.01244785 -0.00834546  0.03659658]]]\n",
      "Rotation Matrix:\n",
      " [[-0.91703212 -0.39135885 -0.07674854]\n",
      " [-0.3885826   0.92011563 -0.04889571]\n",
      " [ 0.0897533  -0.01501579 -0.99585083]]\n",
      "Euler Angles (before adjustment): [-179.13613972   -5.14941477 -157.03571506]\n",
      "Euler Angles (after adjustment): [180.86386028  -5.14941477 202.96428494]\n",
      "Translation Vector (in mm): [-12.44784862  -8.34545884  36.5965798 ]\n",
      "Final Vector: [-12.44784862  -8.34545884  36.5965798  180.86386028  -5.14941477\n",
      " 202.96428494]\n",
      "Rotation Vectors: [[[-0.64329377  3.16144771 -0.05271404]]]\n",
      "Translation Vectors: [[[-0.01244785 -0.00834546  0.03659658]]]\n",
      "Rotation Matrix:\n",
      " [[-0.91703212 -0.39135885 -0.07674854]\n",
      " [-0.3885826   0.92011563 -0.04889571]\n",
      " [ 0.0897533  -0.01501579 -0.99585083]]\n",
      "Euler Angles (before adjustment): [-179.13613972   -5.14941477 -157.03571506]\n",
      "Euler Angles (after adjustment): [180.86386028  -5.14941477 202.96428494]\n",
      "Translation Vector (in mm): [-12.44784862  -8.34545884  36.5965798 ]\n",
      "Final Vector: [-12.44784862  -8.34545884  36.5965798  180.86386028  -5.14941477\n",
      " 202.96428494]\n",
      "Rotation Vectors: [[[-0.57681918  3.18382083 -0.06049507]]]\n",
      "Translation Vectors: [[[-0.01242715 -0.00858842  0.03718148]]]\n",
      "Rotation Matrix:\n",
      " [[-0.93213054 -0.35168779 -0.0863039 ]\n",
      " [-0.34815544  0.9359067  -0.05353916]\n",
      " [ 0.09960146 -0.01985831 -0.99482923]]\n",
      "Euler Angles (before adjustment): [-178.85644061   -5.71622138 -159.51908689]\n",
      "Euler Angles (after adjustment): [181.14355939  -5.71622138 200.48091311]\n",
      "Translation Vector (in mm): [-12.42715121  -8.58841736  37.18147591]\n",
      "Final Vector: [-12.42715121  -8.58841736  37.18147591 181.14355939  -5.71622138\n",
      " 200.48091311]\n",
      "Rotation Vectors: [[[-0.57681918  3.18382083 -0.06049507]]]\n",
      "Translation Vectors: [[[-0.01242715 -0.00858842  0.03718148]]]\n",
      "Rotation Matrix:\n",
      " [[-0.93213054 -0.35168779 -0.0863039 ]\n",
      " [-0.34815544  0.9359067  -0.05353916]\n",
      " [ 0.09960146 -0.01985831 -0.99482923]]\n",
      "Euler Angles (before adjustment): [-178.85644061   -5.71622138 -159.51908689]\n",
      "Euler Angles (after adjustment): [181.14355939  -5.71622138 200.48091311]\n",
      "Translation Vector (in mm): [-12.42715121  -8.58841736  37.18147591]\n",
      "Final Vector: [-12.42715121  -8.58841736  37.18147591 181.14355939  -5.71622138\n",
      " 200.48091311]\n",
      "Rotation Vectors: [[[-0.54164355  3.19550078 -0.02752401]]]\n",
      "Translation Vectors: [[[-0.01234575 -0.00856777  0.0369513 ]]]\n",
      "Rotation Matrix:\n",
      " [[-9.39329005e-01 -3.29540061e-01 -9.52069773e-02]\n",
      " [-3.27851185e-01  9.44141589e-01 -3.33205624e-02]\n",
      " [ 1.00869327e-01 -8.52504571e-05 -9.94899679e-01]]\n",
      "Euler Angles (before adjustment): [-179.99509047   -5.78923238 -160.75963369]\n",
      "Euler Angles (after adjustment): [180.00490953  -5.78923238 199.24036631]\n",
      "Translation Vector (in mm): [-12.34574707  -8.56777385  36.95130442]\n",
      "Final Vector: [-12.34574707  -8.56777385  36.95130442 180.00490953  -5.78923238\n",
      " 199.24036631]\n",
      "Rotation Vectors: [[[-0.54164355  3.19550078 -0.02752401]]]\n",
      "Translation Vectors: [[[-0.01234575 -0.00856777  0.0369513 ]]]\n",
      "Rotation Matrix:\n",
      " [[-9.39329005e-01 -3.29540061e-01 -9.52069773e-02]\n",
      " [-3.27851185e-01  9.44141589e-01 -3.33205624e-02]\n",
      " [ 1.00869327e-01 -8.52504571e-05 -9.94899679e-01]]\n",
      "Euler Angles (before adjustment): [-179.99509047   -5.78923238 -160.75963369]\n",
      "Euler Angles (after adjustment): [180.00490953  -5.78923238 199.24036631]\n",
      "Translation Vector (in mm): [-12.34574707  -8.56777385  36.95130442]\n",
      "Final Vector: [-12.34574707  -8.56777385  36.95130442 180.00490953  -5.78923238\n",
      " 199.24036631]\n",
      "未检测到任何标记或估计姿态失败\n",
      "未检测到任何标记或估计姿态失败\n",
      "未检测到任何标记或估计姿态失败\n",
      "未检测到任何标记或估计姿态失败\n",
      "未检测到任何标记或估计姿态失败\n",
      "未检测到任何标记或估计姿态失败\n",
      "未检测到任何标记或估计姿态失败\n",
      "未检测到任何标记或估计姿态失败\n",
      "未检测到任何标记或估计姿态失败\n",
      "未检测到任何标记或估计姿态失败\n",
      "未检测到任何标记或估计姿态失败\n",
      "未检测到任何标记或估计姿态失败\n",
      "未检测到任何标记或估计姿态失败\n",
      "未检测到任何标记或估计姿态失败\n",
      "未检测到任何标记或估计姿态失败\n",
      "未检测到任何标记或估计姿态失败\n",
      "Rotation Vectors: [[[ 0.06119996  3.28244544 -0.15859808]]]\n",
      "Translation Vectors: [[[-0.01076984 -0.00766777  0.037285  ]]]\n",
      "Rotation Matrix:\n",
      " [[-0.98877975  0.03000956 -0.14633535]\n",
      " [ 0.04397781  0.9946782  -0.09317312]\n",
      " [ 0.14276049 -0.09856321 -0.98483742]]\n",
      "Euler Angles (before adjustment): [-174.28482957   -8.20761578  177.45334221]\n",
      "Euler Angles (after adjustment): [185.71517043  -8.20761578 177.45334221]\n",
      "Translation Vector (in mm): [-10.76984238  -7.66777297  37.28499558]\n",
      "Final Vector: [-10.76984238  -7.66777297  37.28499558 185.71517043  -8.20761578\n",
      " 177.45334221]\n",
      "Rotation Vectors: [[[ 0.06119996  3.28244544 -0.15859808]]]\n",
      "Translation Vectors: [[[-0.01076984 -0.00766777  0.037285  ]]]\n",
      "Rotation Matrix:\n",
      " [[-0.98877975  0.03000956 -0.14633535]\n",
      " [ 0.04397781  0.9946782  -0.09317312]\n",
      " [ 0.14276049 -0.09856321 -0.98483742]]\n",
      "Euler Angles (before adjustment): [-174.28482957   -8.20761578  177.45334221]\n",
      "Euler Angles (after adjustment): [185.71517043  -8.20761578 177.45334221]\n",
      "Translation Vector (in mm): [-10.76984238  -7.66777297  37.28499558]\n",
      "Final Vector: [-10.76984238  -7.66777297  37.28499558 185.71517043  -8.20761578\n",
      " 177.45334221]\n",
      "Rotation Vectors: [[[ 0.05434029  3.27362601 -0.06126209]]]\n",
      "Translation Vectors: [[[-0.01129736 -0.0077947   0.03816181]]]\n",
      "Rotation Matrix:\n",
      " [[-0.99061261  0.03054955 -0.13324182]\n",
      " [ 0.03551334  0.99875481 -0.03503747]\n",
      " [ 0.13200553 -0.03944042 -0.99046403]]\n",
      "Euler Angles (before adjustment): [-177.71967835   -7.58549962  177.94683238]\n",
      "Euler Angles (after adjustment): [182.28032165  -7.58549962 177.94683238]\n",
      "Translation Vector (in mm): [-11.29736101  -7.7947001   38.16180728]\n",
      "Final Vector: [-11.29736101  -7.7947001   38.16180728 182.28032165  -7.58549962\n",
      " 177.94683238]\n",
      "Rotation Vectors: [[[ 0.05434029  3.27362601 -0.06126209]]]\n",
      "Translation Vectors: [[[-0.01129736 -0.0077947   0.03816181]]]\n",
      "Rotation Matrix:\n",
      " [[-0.99061261  0.03054955 -0.13324182]\n",
      " [ 0.03551334  0.99875481 -0.03503747]\n",
      " [ 0.13200553 -0.03944042 -0.99046403]]\n",
      "Euler Angles (before adjustment): [-177.71967835   -7.58549962  177.94683238]\n",
      "Euler Angles (after adjustment): [182.28032165  -7.58549962 177.94683238]\n",
      "Translation Vector (in mm): [-11.29736101  -7.7947001   38.16180728]\n",
      "Final Vector: [-11.29736101  -7.7947001   38.16180728 182.28032165  -7.58549962\n",
      " 177.94683238]\n",
      "未检测到任何标记或估计姿态失败\n",
      "未检测到任何标记或估计姿态失败\n",
      "未检测到任何标记或估计姿态失败\n",
      "未检测到任何标记或估计姿态失败\n",
      "未检测到任何标记或估计姿态失败\n",
      "未检测到任何标记或估计姿态失败\n",
      "Rotation Vectors: [[[ 0.02775931 -3.09415236  0.16015931]]]\n",
      "Translation Vectors: [[[-0.01471387 -0.0055744   0.04025638]]]\n",
      "Rotation Matrix:\n",
      " [[-0.9989077  -0.02011634 -0.04217502]\n",
      " [-0.01565438  0.99449818 -0.10357753]\n",
      " [ 0.04402658 -0.10280417 -0.99372681]]\n",
      "Euler Angles (before adjustment): [-174.09358254   -2.52335267 -179.10216286]\n",
      "Euler Angles (after adjustment): [185.90641746  -2.52335267 180.89783714]\n",
      "Translation Vector (in mm): [-14.71387227  -5.5744017   40.25637873]\n",
      "Final Vector: [-14.71387227  -5.5744017   40.25637873 185.90641746  -2.52335267\n",
      " 180.89783714]\n",
      "Rotation Vectors: [[[ 0.02775931 -3.09415236  0.16015931]]]\n",
      "Translation Vectors: [[[-0.01471387 -0.0055744   0.04025638]]]\n",
      "Rotation Matrix:\n",
      " [[-0.9989077  -0.02011634 -0.04217502]\n",
      " [-0.01565438  0.99449818 -0.10357753]\n",
      " [ 0.04402658 -0.10280417 -0.99372681]]\n",
      "Euler Angles (before adjustment): [-174.09358254   -2.52335267 -179.10216286]\n",
      "Euler Angles (after adjustment): [185.90641746  -2.52335267 180.89783714]\n",
      "Translation Vector (in mm): [-14.71387227  -5.5744017   40.25637873]\n",
      "Final Vector: [-14.71387227  -5.5744017   40.25637873 185.90641746  -2.52335267\n",
      " 180.89783714]\n",
      "Rotation Vectors: [[[-0.07508472  3.2127717  -0.13329384]]]\n",
      "Translation Vectors: [[[-0.0156898  -0.0057585   0.04181243]]]\n",
      "Rotation Matrix:\n",
      " [[-0.99611395 -0.04966817 -0.07273294]\n",
      " [-0.04347265  0.99548158 -0.08441891]\n",
      " [ 0.07659723 -0.08092896 -0.99377229]]\n",
      "Euler Angles (before adjustment): [-175.34432766   -4.39300093 -177.50106896]\n",
      "Euler Angles (after adjustment): [184.65567234  -4.39300093 182.49893104]\n",
      "Translation Vector (in mm): [-15.68979787  -5.75849986  41.81242712]\n",
      "Final Vector: [-15.68979787  -5.75849986  41.81242712 184.65567234  -4.39300093\n",
      " 182.49893104]\n",
      "Rotation Vectors: [[[-0.07508472  3.2127717  -0.13329384]]]\n",
      "Translation Vectors: [[[-0.0156898  -0.0057585   0.04181243]]]\n",
      "Rotation Matrix:\n",
      " [[-0.99611395 -0.04966817 -0.07273294]\n",
      " [-0.04347265  0.99548158 -0.08441891]\n",
      " [ 0.07659723 -0.08092896 -0.99377229]]\n",
      "Euler Angles (before adjustment): [-175.34432766   -4.39300093 -177.50106896]\n",
      "Euler Angles (after adjustment): [184.65567234  -4.39300093 182.49893104]\n",
      "Translation Vector (in mm): [-15.68979787  -5.75849986  41.81242712]\n",
      "Final Vector: [-15.68979787  -5.75849986  41.81242712 184.65567234  -4.39300093\n",
      " 182.49893104]\n",
      "Rotation Vectors: [[[ 0.0853177  -3.05400473  0.03654204]]]\n",
      "Translation Vectors: [[[-0.01679378 -0.00606409  0.04399816]]]\n",
      "Rotation Matrix:\n",
      " [[-0.99473244 -0.05674693 -0.08536488]\n",
      " [-0.05468814  0.99815792 -0.02626753]\n",
      " [ 0.08669823 -0.02146072 -0.99600344]]\n",
      "Euler Angles (before adjustment): [-178.76564834   -4.97368672 -176.85317536]\n",
      "Euler Angles (after adjustment): [181.23435166  -4.97368672 183.14682464]\n",
      "Translation Vector (in mm): [-16.79377886  -6.06409097  43.99815601]\n",
      "Final Vector: [-16.79377886  -6.06409097  43.99815601 181.23435166  -4.97368672\n",
      " 183.14682464]\n",
      "未检测到任何标记或估计姿态失败\n",
      "未检测到任何标记或估计姿态失败\n",
      "Rotation Vectors: [[[-0.09107856  3.28097537  0.05111298]]]\n",
      "Translation Vectors: [[[-0.01681583 -0.00684881  0.04255849]]]\n",
      "Rotation Matrix:\n",
      " [[-0.98853771 -0.05299872 -0.14136597]\n",
      " [-0.0573765   0.99798553  0.02707071]\n",
      " [ 0.13964648  0.0348715  -0.98958721]]\n",
      "Euler Angles (before adjustment): [ 177.98182164   -8.02739026 -176.67817705]\n",
      "Euler Angles (after adjustment): [177.98182164  -8.02739026 183.32182295]\n",
      "Translation Vector (in mm): [-16.8158336   -6.84881353  42.55849354]\n",
      "Final Vector: [-16.8158336   -6.84881353  42.55849354 177.98182164  -8.02739026\n",
      " 183.32182295]\n",
      "未检测到任何标记或估计姿态失败\n",
      "未检测到任何标记或估计姿态失败\n",
      "未检测到任何标记或估计姿态失败\n",
      "未检测到任何标记或估计姿态失败\n",
      "Rotation Vectors: [[[-0.09839577  3.1961594   0.02696146]]]\n",
      "Translation Vectors: [[[-0.01958351 -0.00897466  0.0464024 ]]]\n",
      "Rotation Matrix:\n",
      " [[-0.99652941 -0.06098649 -0.05665493]\n",
      " [-0.06193358  0.99796585  0.01511249]\n",
      " [ 0.05561803  0.01856888 -0.99827944]]\n",
      "Euler Angles (before adjustment): [ 178.93437073   -3.18832341 -176.44368299]\n",
      "Euler Angles (after adjustment): [178.93437073  -3.18832341 183.55631701]\n",
      "Translation Vector (in mm): [-19.58351481  -8.97466122  46.40240226]\n",
      "Final Vector: [-19.58351481  -8.97466122  46.40240226 178.93437073  -3.18832341\n",
      " 183.55631701]\n",
      "Rotation Vectors: [[[-0.09839577  3.1961594   0.02696146]]]\n",
      "Translation Vectors: [[[-0.01958351 -0.00897466  0.0464024 ]]]\n",
      "Rotation Matrix:\n",
      " [[-0.99652941 -0.06098649 -0.05665493]\n",
      " [-0.06193358  0.99796585  0.01511249]\n",
      " [ 0.05561803  0.01856888 -0.99827944]]\n",
      "Euler Angles (before adjustment): [ 178.93437073   -3.18832341 -176.44368299]\n",
      "Euler Angles (after adjustment): [178.93437073  -3.18832341 183.55631701]\n",
      "Translation Vector (in mm): [-19.58351481  -8.97466122  46.40240226]\n",
      "Final Vector: [-19.58351481  -8.97466122  46.40240226 178.93437073  -3.18832341\n",
      " 183.55631701]\n",
      "Rotation Vectors: [[[-0.09983831  3.23681049  0.047941  ]]]\n",
      "Translation Vectors: [[[-0.01914433 -0.00865886  0.04569207]]]\n",
      "Rotation Matrix:\n",
      " [[-0.99339225 -0.06003677 -0.09781325]\n",
      " [-0.06290726  0.99766672  0.0265291 ]\n",
      " [ 0.0959923   0.03250696 -0.99485113]]\n",
      "Euler Angles (before adjustment): [ 178.12851472   -5.50843556 -176.37654304]\n",
      "Euler Angles (after adjustment): [178.12851472  -5.50843556 183.62345696]\n",
      "Translation Vector (in mm): [-19.14432967  -8.65885983  45.69207086]\n",
      "Final Vector: [-19.14432967  -8.65885983  45.69207086 178.12851472  -5.50843556\n",
      " 183.62345696]\n",
      "Rotation Vectors: [[[-0.10380505  3.18003788  0.1267125 ]]]\n",
      "Translation Vectors: [[[-0.01911966 -0.00857444  0.04610591]]]\n",
      "Rotation Matrix:\n",
      " [[-0.99696566 -0.06338592 -0.04518508]\n",
      " [-0.06678016  0.99470991  0.07805509]\n",
      " [ 0.03999846  0.08083571 -0.99592455]]\n",
      "Euler Angles (before adjustment): [ 175.35967415   -2.29235423 -176.16785789]\n",
      "Euler Angles (after adjustment): [175.35967415  -2.29235423 183.83214211]\n",
      "Translation Vector (in mm): [-19.11965662  -8.57444006  46.10591408]\n",
      "Final Vector: [-19.11965662  -8.57444006  46.10591408 175.35967415  -2.29235423\n",
      " 183.83214211]\n",
      "Rotation Vectors: [[[-0.10380505  3.18003788  0.1267125 ]]]\n",
      "Translation Vectors: [[[-0.01911966 -0.00857444  0.04610591]]]\n",
      "Rotation Matrix:\n",
      " [[-0.99696566 -0.06338592 -0.04518508]\n",
      " [-0.06678016  0.99470991  0.07805509]\n",
      " [ 0.03999846  0.08083571 -0.99592455]]\n",
      "Euler Angles (before adjustment): [ 175.35967415   -2.29235423 -176.16785789]\n",
      "Euler Angles (after adjustment): [175.35967415  -2.29235423 183.83214211]\n",
      "Translation Vector (in mm): [-19.11965662  -8.57444006  46.10591408]\n",
      "Final Vector: [-19.11965662  -8.57444006  46.10591408 175.35967415  -2.29235423\n",
      " 183.83214211]\n",
      "Rotation Vectors: [[[-0.08368092  3.19705114  0.01034958]]]\n",
      "Translation Vectors: [[[-0.01873221 -0.00836559  0.0456393 ]]]\n",
      "Rotation Matrix:\n",
      " [[-0.99703218 -0.05208762 -0.05668958]\n",
      " [-0.05245356  0.99861092  0.00498539]\n",
      " [ 0.05635116  0.00794417 -0.99837941]]\n",
      "Euler Angles (before adjustment): [ 179.54410357   -3.23039489 -176.98846305]\n",
      "Euler Angles (after adjustment): [179.54410357  -3.23039489 183.01153695]\n",
      "Translation Vector (in mm): [-18.73220735  -8.36559412  45.63929547]\n",
      "Final Vector: [-18.73220735  -8.36559412  45.63929547 179.54410357  -3.23039489\n",
      " 183.01153695]\n",
      "Rotation Vectors: [[[-0.094013    3.19679085  0.01460722]]]\n",
      "Translation Vectors: [[[-0.01867082 -0.0083788   0.04563168]]]\n",
      "Rotation Matrix:\n",
      " [[-0.99667106 -0.05845955 -0.05682667]\n",
      " [-0.05897642  0.9982315   0.00745997]\n",
      " [ 0.05629007  0.01078657 -0.99835619]]\n",
      "Euler Angles (before adjustment): [ 179.38098141   -3.22688892 -176.61356268]\n",
      "Euler Angles (after adjustment): [179.38098141  -3.22688892 183.38643732]\n",
      "Translation Vector (in mm): [-18.67082049  -8.37879937  45.63167777]\n",
      "Final Vector: [-18.67082049  -8.37879937  45.63167777 179.38098141  -3.22688892\n",
      " 183.38643732]\n",
      "Rotation Vectors: [[[-0.094013    3.19679085  0.01460722]]]\n",
      "Translation Vectors: [[[-0.01867082 -0.0083788   0.04563168]]]\n",
      "Rotation Matrix:\n",
      " [[-0.99667106 -0.05845955 -0.05682667]\n",
      " [-0.05897642  0.9982315   0.00745997]\n",
      " [ 0.05629007  0.01078657 -0.99835619]]\n",
      "Euler Angles (before adjustment): [ 179.38098141   -3.22688892 -176.61356268]\n",
      "Euler Angles (after adjustment): [179.38098141  -3.22688892 183.38643732]\n",
      "Translation Vector (in mm): [-18.67082049  -8.37879937  45.63167777]\n",
      "Final Vector: [-18.67082049  -8.37879937  45.63167777 179.38098141  -3.22688892\n",
      " 183.38643732]\n",
      "Rotation Vectors: [[[-0.0823566   3.2052964   0.00895141]]]\n",
      "Translation Vectors: [[[-0.01850596 -0.00840222  0.04547468]]]\n",
      "Rotation Matrix:\n",
      " [[-0.9965848  -0.05111897 -0.06485047]\n",
      " [-0.05148038  0.99866634  0.00391322]\n",
      " [ 0.06456394  0.00723839 -0.99788732]]\n",
      "Euler Angles (before adjustment): [ 179.58440024   -3.70181601 -177.04291178]\n",
      "Euler Angles (after adjustment): [179.58440024  -3.70181601 182.95708822]\n",
      "Translation Vector (in mm): [-18.50595754  -8.40222442  45.47467537]\n",
      "Final Vector: [-18.50595754  -8.40222442  45.47467537 179.58440024  -3.70181601\n",
      " 182.95708822]\n",
      "Rotation Vectors: [[[-0.0823566   3.2052964   0.00895141]]]\n",
      "Translation Vectors: [[[-0.01850596 -0.00840222  0.04547468]]]\n",
      "Rotation Matrix:\n",
      " [[-0.9965848  -0.05111897 -0.06485047]\n",
      " [-0.05148038  0.99866634  0.00391322]\n",
      " [ 0.06456394  0.00723839 -0.99788732]]\n",
      "Euler Angles (before adjustment): [ 179.58440024   -3.70181601 -177.04291178]\n",
      "Euler Angles (after adjustment): [179.58440024  -3.70181601 182.95708822]\n",
      "Translation Vector (in mm): [-18.50595754  -8.40222442  45.47467537]\n",
      "Final Vector: [-18.50595754  -8.40222442  45.47467537 179.58440024  -3.70181601\n",
      " 182.95708822]\n",
      "Rotation Vectors: [[[-9.40608290e-02  3.21206937e+00  1.54367252e-03]]]\n",
      "Translation Vectors: [[[-0.01846643 -0.00849745  0.0454294 ]]]\n",
      "Rotation Matrix:\n",
      " [[-0.99570824 -0.05840694 -0.07178951]\n",
      " [-0.05847592  0.99828817 -0.00114232]\n",
      " [ 0.07173334  0.00306054 -0.99741915]]\n",
      "Euler Angles (before adjustment): [ 179.82419094   -4.11355062 -176.63899598]\n",
      "Euler Angles (after adjustment): [179.82419094  -4.11355062 183.36100402]\n",
      "Translation Vector (in mm): [-18.46642725  -8.49744753  45.42940473]\n",
      "Final Vector: [-18.46642725  -8.49744753  45.42940473 179.82419094  -4.11355062\n",
      " 183.36100402]\n",
      "Rotation Vectors: [[[-9.40608290e-02  3.21206937e+00  1.54367252e-03]]]\n",
      "Translation Vectors: [[[-0.01846643 -0.00849745  0.0454294 ]]]\n",
      "Rotation Matrix:\n",
      " [[-0.99570824 -0.05840694 -0.07178951]\n",
      " [-0.05847592  0.99828817 -0.00114232]\n",
      " [ 0.07173334  0.00306054 -0.99741915]]\n",
      "Euler Angles (before adjustment): [ 179.82419094   -4.11355062 -176.63899598]\n",
      "Euler Angles (after adjustment): [179.82419094  -4.11355062 183.36100402]\n",
      "Translation Vector (in mm): [-18.46642725  -8.49744753  45.42940473]\n",
      "Final Vector: [-18.46642725  -8.49744753  45.42940473 179.82419094  -4.11355062\n",
      " 183.36100402]\n",
      "Rotation Vectors: [[[-0.07324199  3.17367724  0.01101091]]]\n",
      "Translation Vectors: [[[-0.0185451  -0.00863532  0.04608851]]]\n",
      "Rotation Matrix:\n",
      " [[-0.99839292 -0.04600401 -0.03309379]\n",
      " [-0.04623253  0.99891163  0.00617319]\n",
      " [ 0.03277378  0.00769328 -0.99943319]]\n",
      "Euler Angles (before adjustment): [ 179.55896612   -1.87813532 -177.34870106]\n",
      "Euler Angles (after adjustment): [179.55896612  -1.87813532 182.65129894]\n",
      "Translation Vector (in mm): [-18.54509808  -8.63531508  46.08850868]\n",
      "Final Vector: [-18.54509808  -8.63531508  46.08850868 179.55896612  -1.87813532\n",
      " 182.65129894]\n",
      "Rotation Vectors: [[[-0.08556796  3.19996144 -0.00936806]]]\n",
      "Translation Vectors: [[[-0.0182572  -0.00868011  0.04580099]]]\n",
      "Rotation Matrix:\n",
      " [[-0.99680104 -0.05356872 -0.05931337]\n",
      " [-0.05322052  0.9985551  -0.00743593]\n",
      " [ 0.059626   -0.00425545 -0.99821172]]\n",
      "Euler Angles (before adjustment): [-179.75574517   -3.41834578 -176.9438046 ]\n",
      "Euler Angles (after adjustment): [180.24425483  -3.41834578 183.0561954 ]\n",
      "Translation Vector (in mm): [-18.25720273  -8.68011252  45.80098596]\n",
      "Final Vector: [-18.25720273  -8.68011252  45.80098596 180.24425483  -3.41834578\n",
      " 183.0561954 ]\n",
      "Rotation Vectors: [[[-0.08556796  3.19996144 -0.00936806]]]\n",
      "Translation Vectors: [[[-0.0182572  -0.00868011  0.04580099]]]\n",
      "Rotation Matrix:\n",
      " [[-0.99680104 -0.05356872 -0.05931337]\n",
      " [-0.05322052  0.9985551  -0.00743593]\n",
      " [ 0.059626   -0.00425545 -0.99821172]]\n",
      "Euler Angles (before adjustment): [-179.75574517   -3.41834578 -176.9438046 ]\n",
      "Euler Angles (after adjustment): [180.24425483  -3.41834578 183.0561954 ]\n",
      "Translation Vector (in mm): [-18.25720273  -8.68011252  45.80098596]\n",
      "Final Vector: [-18.25720273  -8.68011252  45.80098596 180.24425483  -3.41834578\n",
      " 183.0561954 ]\n",
      "Rotation Vectors: [[[-0.09314112  3.19524383  0.00827851]]]\n",
      "Translation Vectors: [[[-0.018142   -0.00870911  0.0458813 ]]]\n",
      "Rotation Matrix:\n",
      " [[-0.99679013 -0.05806348 -0.05511866]\n",
      " [-0.05834831  0.9982899   0.00357111]\n",
      " [ 0.05481705  0.00677573 -0.99847343]]\n",
      "Euler Angles (before adjustment): [ 179.61119177   -3.14236048 -176.6499454 ]\n",
      "Euler Angles (after adjustment): [179.61119177  -3.14236048 183.3500546 ]\n",
      "Translation Vector (in mm): [-18.14200218  -8.70911115  45.88129601]\n",
      "Final Vector: [-18.14200218  -8.70911115  45.88129601 179.61119177  -3.14236048\n",
      " 183.3500546 ]\n",
      "Rotation Vectors: [[[-0.10281287  3.20411928  0.0111261 ]]]\n",
      "Translation Vectors: [[[-0.01809346 -0.00870529  0.0459781 ]]]\n",
      "Rotation Matrix:\n",
      " [[-0.99588523 -0.06381998 -0.06433994]\n",
      " [-0.06426527  0.99792095  0.00487311]\n",
      " [ 0.06389517  0.00898788 -0.99791614]]\n",
      "Euler Angles (before adjustment): [ 179.48397076   -3.66341909 -176.30777685]\n",
      "Euler Angles (after adjustment): [179.48397076  -3.66341909 183.69222315]\n",
      "Translation Vector (in mm): [-18.09345792  -8.70528968  45.9780988 ]\n",
      "Final Vector: [-18.09345792  -8.70528968  45.9780988  179.48397076  -3.66341909\n",
      " 183.69222315]\n",
      "Rotation Vectors: [[[-0.10281287  3.20411928  0.0111261 ]]]\n",
      "Translation Vectors: [[[-0.01809346 -0.00870529  0.0459781 ]]]\n",
      "Rotation Matrix:\n",
      " [[-0.99588523 -0.06381998 -0.06433994]\n",
      " [-0.06426527  0.99792095  0.00487311]\n",
      " [ 0.06389517  0.00898788 -0.99791614]]\n",
      "Euler Angles (before adjustment): [ 179.48397076   -3.66341909 -176.30777685]\n",
      "Euler Angles (after adjustment): [179.48397076  -3.66341909 183.69222315]\n",
      "Translation Vector (in mm): [-18.09345792  -8.70528968  45.9780988 ]\n",
      "Final Vector: [-18.09345792  -8.70528968  45.9780988  179.48397076  -3.66341909\n",
      " 183.69222315]\n",
      "Rotation Vectors: [[[-0.09601287  3.19928781 -0.00451575]]]\n",
      "Translation Vectors: [[[-0.0179599  -0.00869325  0.04578945]]]\n",
      "Rotation Matrix:\n",
      " [[-0.99645373 -0.05999825 -0.05899303]\n",
      " [-0.05983147  0.99819794 -0.00459092]\n",
      " [ 0.05916217 -0.001045   -0.99824784]]\n",
      "Euler Angles (before adjustment): [-179.94002091   -3.39172331 -176.56383457]\n",
      "Euler Angles (after adjustment): [180.05997909  -3.39172331 183.43616543]\n",
      "Translation Vector (in mm): [-17.95989758  -8.69324778  45.78945329]\n",
      "Final Vector: [-17.95989758  -8.69324778  45.78945329 180.05997909  -3.39172331\n",
      " 183.43616543]\n",
      "Rotation Vectors: [[[-0.09601287  3.19928781 -0.00451575]]]\n",
      "Translation Vectors: [[[-0.0179599  -0.00869325  0.04578945]]]\n",
      "Rotation Matrix:\n",
      " [[-0.99645373 -0.05999825 -0.05899303]\n",
      " [-0.05983147  0.99819794 -0.00459092]\n",
      " [ 0.05916217 -0.001045   -0.99824784]]\n",
      "Euler Angles (before adjustment): [-179.94002091   -3.39172331 -176.56383457]\n",
      "Euler Angles (after adjustment): [180.05997909  -3.39172331 183.43616543]\n",
      "Translation Vector (in mm): [-17.95989758  -8.69324778  45.78945329]\n",
      "Final Vector: [-17.95989758  -8.69324778  45.78945329 180.05997909  -3.39172331\n",
      " 183.43616543]\n",
      "Rotation Vectors: [[[-0.09805379  3.21949021  0.01025242]]]\n",
      "Translation Vectors: [[[-0.01792542 -0.00867729  0.04575037]]]\n",
      "Rotation Matrix:\n",
      " [[-0.99499843 -0.06050719 -0.07947961]\n",
      " [-0.06101216  0.99812925  0.00393822]\n",
      " [ 0.07909263  0.00876774 -0.99682871]]\n",
      "Euler Angles (before adjustment): [ 179.49606012   -4.53641213 -176.49108222]\n",
      "Euler Angles (after adjustment): [179.49606012  -4.53641213 183.50891778]\n",
      "Translation Vector (in mm): [-17.92542151  -8.67729267  45.75037472]\n",
      "Final Vector: [-17.92542151  -8.67729267  45.75037472 179.49606012  -4.53641213\n",
      " 183.50891778]\n",
      "Rotation Vectors: [[[-0.09805379  3.21949021  0.01025242]]]\n",
      "Translation Vectors: [[[-0.01792542 -0.00867729  0.04575037]]]\n",
      "Rotation Matrix:\n",
      " [[-0.99499843 -0.06050719 -0.07947961]\n",
      " [-0.06101216  0.99812925  0.00393822]\n",
      " [ 0.07909263  0.00876774 -0.99682871]]\n",
      "Euler Angles (before adjustment): [ 179.49606012   -4.53641213 -176.49108222]\n",
      "Euler Angles (after adjustment): [179.49606012  -4.53641213 183.50891778]\n",
      "Translation Vector (in mm): [-17.92542151  -8.67729267  45.75037472]\n",
      "Final Vector: [-17.92542151  -8.67729267  45.75037472 179.49606012  -4.53641213\n",
      " 183.50891778]\n",
      "Rotation Vectors: [[[-0.10494514  3.22445585 -0.00891768]]]\n",
      "Translation Vectors: [[[-0.01796841 -0.00868906  0.04576509]]]\n",
      "Rotation Matrix:\n",
      " [[-0.99431248 -0.06514116 -0.08425751]\n",
      " [-0.06467411  0.99787222 -0.00826365]\n",
      " [ 0.08461653 -0.00276737 -0.99640975]]\n",
      "Euler Angles (before adjustment): [-179.84087061   -4.85397424 -176.27849267]\n",
      "Euler Angles (after adjustment): [180.15912939  -4.85397424 183.72150733]\n",
      "Translation Vector (in mm): [-17.96840601  -8.68905833  45.76508538]\n",
      "Final Vector: [-17.96840601  -8.68905833  45.76508538 180.15912939  -4.85397424\n",
      " 183.72150733]\n",
      "Rotation Vectors: [[[-1.00123538e-01  3.21028393e+00  1.94395338e-03]]]\n",
      "Translation Vectors: [[[-0.01808293 -0.00879639  0.04609954]]]\n",
      "Rotation Matrix:\n",
      " [[-9.95592144e-01 -6.21967673e-02 -7.01986169e-02]\n",
      " [-6.22817377e-02  9.98058127e-01 -9.79796115e-04]\n",
      " [ 7.01232403e-02  3.39661453e-03 -9.97532553e-01]]\n",
      "Euler Angles (before adjustment): [ 179.80490769   -4.02106576 -176.42038497]\n",
