{
 "cells": [
  {
   "cell_type": "code",
   "execution_count": 1,
   "metadata": {},
   "outputs": [
    {
     "name": "stdout",
     "output_type": "stream",
     "text": [
      "4.6.0\n",
      "当前工作目录: d:\\南方\\南科\\weld project\\soft_finger\\weld_planning_2\\weld_planning\\arucoTest\n"
     ]
    }
   ],
   "source": [
    "import cv2\n",
    "print(cv2.__version__)\n",
    "import os\n",
    "print(\"当前工作目录:\", os.getcwd())\n",
    "\n",
    "from cv2 import aruco\n",
    "import cv2.aruco as aruco"
   ]
  },
  {
   "cell_type": "code",
   "execution_count": 7,
   "metadata": {},
   "outputs": [
    {
     "name": "stdout",
     "output_type": "stream",
     "text": [
      "camera open\n",
      "True\n",
      "True camera id:\n",
      "(480, 640, 3)\n",
      "True\n",
      "True camera id:\n",
      "(480, 640, 3)\n",
      "camera open\n",
      "True\n",
      "True camera id:\n",
      "(480, 640, 3)\n",
      "True\n",
      "True camera id:\n",
      "(480, 640, 3)\n",
      "True\n",
      "True camera id:\n",
      "(480, 640, 3)\n",
      "True\n",
      "True camera id:\n",
      "(480, 640, 3)\n",
      "True\n",
      "True camera id:\n",
      "(480, 640, 3)\n",
      "True\n",
      "True camera id:\n",
      "(480, 640, 3)\n",
      "True\n",
      "True camera id:\n",
      "(480, 640, 3)\n",
      "True\n",
      "True camera id:\n",
      "(480, 640, 3)\n",
      "True\n",
      "True camera id:\n",
      "(480, 640, 3)\n",
      "True\n",
      "True camera id:\n",
      "(480, 640, 3)\n",
      "True\n",
      "True camera id:\n",
      "(480, 640, 3)\n",
      "True\n",
      "True camera id:\n",
      "(480, 640, 3)\n",
      "camera open\n",
      "True\n",
      "True camera id:\n",
      "(480, 640, 3)\n",
      "True\n",
      "True camera id:\n",
      "(480, 640, 3)\n",
      "True\n",
      "True camera id:\n",
      "(480, 640, 3)\n"
     ]
    }
   ],
   "source": [
    "for i in range(0, 8):\n",
    "    cap = cv2.VideoCapture(i)\n",
    "    if cap.isOpened():\n",
    "        print( 'camera open')\n",
    "        while True:\n",
    "            ret, img = cap.read()\n",
    "            print(ret)\n",
    "            if not ret:\n",
    "                continue\n",
    "            else:\n",
    "                print(ret, \"camera id:\")\n",
    "                print(img.shape)\n",
    "            #\n",
    "\n",
    "                cv2.imshow('5', img)\n",
    "                cv2.waitKey(10)\n",
    "                c = cv2.waitKey(1000)\n",
    "                if c == 27:\n",
    "                        break\n",
    "                cap.set(cv2.CAP_PROP_FPS, 330)\n",
    "                cv2.destroyAllWindows()\n",
    "    cap.release()\n",
    "    cv2.destroyAllWindows()\n",
    "    # break"
   ]
  },
  {
   "cell_type": "code",
   "execution_count": 9,
   "metadata": {},
   "outputs": [],
   "source": [
    "# 生成一个aruco图片\n",
    "\n",
    "# # 创建 4X4_100 字典\n",
    "# aruco_dict = aruco.Dictionary_get(aruco.DICT_4X4_250)\n",
    "\n",
    "# # 生成一个 ID 为 42 的 ArUco 标记\n",
    "# marker_id = 30\n",
    "# marker_size = 200  # 标记的尺寸（以像素为单位）\n",
    "# marker_image = aruco.drawMarker(aruco_dict, marker_id, marker_size)\n",
    "\n",
    "# cv2.imshow('ArUco Marker', marker_image)\n",
    "# cv2.waitKey(0)\n",
    "# cv2.destroyAllWindows()"
   ]
  },
  {
   "cell_type": "code",
   "execution_count": 2,
   "metadata": {},
   "outputs": [],
   "source": [
    "import cv2, os, yaml\n",
    "import pandas as pd\n",
    "config = yaml.load(open('./controller_config.yaml'), Loader=yaml.FullLoader)"
   ]
  },
  {
   "cell_type": "code",
   "execution_count": 2,
   "metadata": {},
   "outputs": [
    {
     "name": "stdout",
     "output_type": "stream",
     "text": [
      "队列已满，无法添加新的图像\n",
      "队列已满，无法添加新的图像\n",
      "队列已满，无法添加新的图像\n",
      "队列已满，无法添加新的图像\n",
      "队列已满，无法添加新的图像\n",
      "ImgQue size: 100\n",
      "程序未崩溃，继续运行\n"
     ]
    }
   ],
   "source": [
    "import numpy as np\n",
    "import time\n",
    "from queue import LifoQueue, Full\n",
    "\n",
    "class GetFingerForce:\n",
    "    def __init__(self, tag_pose_vecs):\n",
    "        self.p0 = np.mean(tag_pose_vecs[:, :], axis=0)\n",
    "        # 取均值\n",
    "        self.dpLast = np.zeros([6])\n",
    "        self.dp = np.zeros([12])\n",
    "        self.ImgQue = LifoQueue(100)\n",
    "        # 后进先出队列，最新的图像会被最先处理\n",
    "        self.StopImgRead = LifoQueue(1000)\n",
    "\n",
    "        self.Pose = np.zeros(0)\n",
    "        self.LastTime = time.time()\n",
    "\n",
    "    def add_image(self, img):\n",
    "        try:\n",
    "            self.ImgQue.put(img, block=False)\n",
    "        except Full:\n",
    "            print(\"队列已满，无法添加新的图像\")\n",
    "\n",
    "# 示例用法\n",
    "tag_pose_vecs = np.random.rand(10, 3)  # 示例数据\n",
    "get_finger_force = GetFingerForce(tag_pose_vecs)\n",
    "\n",
    "# 尝试添加一些图像到队列中\n",
    "for _ in range(105):  # 尝试添加超过队列容量的图像\n",
    "    img = np.random.rand(640, 480, 3)  # 示例图像数据\n",
    "    get_finger_force.add_image(img)\n",
    "\n",
    "print(\"ImgQue size:\", get_finger_force.ImgQue.qsize())\n",
    "print(\"程序未崩溃，继续运行\")"
   ]
  },
  {
   "cell_type": "markdown",
   "metadata": {},
   "source": []
  },
  {
   "cell_type": "code",
   "execution_count": 3,
   "metadata": {},
   "outputs": [
    {
     "name": "stdout",
     "output_type": "stream",
     "text": [
      "[-3.14159265  0.          0.        ]\n"
     ]
    }
   ],
   "source": [
    "from scipy.spatial.transform import Rotation as Rt\n",
    "def rpy2rot_vec(rpy):\n",
    "    r = Rt.from_euler('xyz', rpy)\n",
    "    rot_vec = r.as_rotvec()\n",
    "    return rot_vec\n",
    "    # 欧拉角转换成旋转向量\n",
    "tcp = rpy2rot_vec((-np.pi, 0, 0))\n",
    "print(tcp)"
   ]
  },
  {
   "cell_type": "code",
   "execution_count": 4,
   "metadata": {},
   "outputs": [
    {
     "data": {
      "text/plain": [
       "< cv2.aruco.DetectorParameters 000001A3B6960490>"
      ]
     },
     "execution_count": 4,
     "metadata": {},
     "output_type": "execute_result"
    }
   ],
   "source": [
    "import numpy as np\n",
    "import cv2\n",
    "import cv2.aruco as aruco\n",
    "parameters = aruco.DetectorParameters_create()\n",
    "aruco_dict = aruco.Dictionary_get(aruco.DICT_4X4_100)\n",
    "# camera_matrix =np.matrix ([[ 522.1905267183170736, 0.0000000000000000, 308.8532705794233948  ],\n",
    "#                   [ 0.0000000000000000, 522.8166355728753842, 234.2130798407917496 ],\n",
    "#                   [ 0.0000000000000000, 0.0000000000000000, 1.0000000000000000 ]])\n",
    "# # camera_matrix = [[1000, 0, 320], [0, 1000, 240], [0, 0, 1]]  # 示例相机矩阵\n",
    "# camera_dist = np.matrix([ 0.1058497356483027 ,-0.1488874492570700 ,0.0000000000000000 ,0.0000000000000000 ,-0.8698561798572152])\n",
    "\n",
    "camera_matrix = np.matrix( [[3.20790520e+03, 0.00000000e+00, 1.01091874e+03],\n",
    "                  [0.00000000e+00, 3.39787065e+03, 6.44844641e+02],\n",
    "                  [0.00000000e+00, 0.00000000e+00, 1.00000000e+00]])\n",
    "camera_dist = np.matrix( [ 3.40400374e-01, -2.65574509e+00,  9.96946780e-03,  8.68103031e-03,  -4.46459652e+01])\n",
    "  # marker_length: 0.012\n",
    "marker_length = 0.006\n",
    "parameters"
   ]
  },
  {
   "cell_type": "code",
   "execution_count": 7,
   "metadata": {},
   "outputs": [
    {
     "name": "stdout",
     "output_type": "stream",
     "text": [
      "Rotation Vectors: [[[-1.94787791 -2.1880842  -0.71840272]]]\n",
      "Translation Vectors: [[[-0.02981699 -0.01508843  0.14244259]]]\n",
      "Rotation Matrix:\n",
      " [[-0.16135428  0.96302316  0.21575725]\n",
      " [ 0.90349458  0.0561848   0.42490094]\n",
      " [ 0.39706717  0.26349509 -0.87915186]]\n",
      "Euler Angles (before adjustment): [163.31573248 -23.39496044 100.1256527 ]\n",
      "Euler Angles (after adjustment): [163.31573248 -23.39496044 100.1256527 ]\n",
      "Translation Vector (in mm): [-29.81699105 -15.08842957 142.44259365]\n",
      "Final Vector: [-29.81699105 -15.08842957 142.44259365 163.31573248 -23.39496044\n",
      " 100.1256527 ]\n",
      "Rotation Vectors: [[[-1.92454988 -2.10204519 -0.62140541]]]\n",
      "Translation Vectors: [[[-0.02987719 -0.01480294  0.14138779]]]\n",
      "Rotation Matrix:\n",
      " [[-0.11519217  0.98642222  0.11705542]\n",
      " [ 0.89151537  0.05069194  0.45014517]\n",
      " [ 0.43809943  0.1562099  -0.88524988]]\n",
      "Euler Angles (before adjustment): [169.99268969 -25.98268011  97.36236259]\n",
      "Euler Angles (after adjustment): [169.99268969 -25.98268011  97.36236259]\n",
      "Translation Vector (in mm): [-29.87719385 -14.80293518 141.38778985]\n",
      "Final Vector: [-29.87719385 -14.80293518 141.38778985 169.99268969 -25.98268011\n",
      "  97.36236259]\n",
      "Rotation Vectors: [[[-1.92205669 -2.086529   -0.64037432]]]\n",
      "Translation Vectors: [[[-0.02976035 -0.01474816  0.14173053]]]\n",
      "Rotation Matrix:\n",
      " [[-0.11117214  0.98638108  0.12121522]\n",
      " [ 0.88455584  0.04261588  0.46448343]\n",
      " [ 0.45299197  0.15885925 -0.87724684]]\n",
      "Euler Angles (before adjustment): [169.73563293 -26.93580819  97.16344871]\n",
      "Euler Angles (after adjustment): [169.73563293 -26.93580819  97.16344871]\n",
      "Translation Vector (in mm): [-29.76035058 -14.74815673 141.73053155]\n",
      "Final Vector: [-29.76035058 -14.74815673 141.73053155 169.73563293 -26.93580819\n",
      "  97.16344871]\n",
      "Rotation Vectors: [[[-2.00127942 -2.02707726 -0.6668428 ]]]\n",
      "Translation Vectors: [[[-0.02954887 -0.01441054  0.14279123]]]\n",
      "Rotation Matrix:\n",
      " [[-0.05172937  0.9858103   0.15969386]\n",
      " [ 0.88808602 -0.02772729  0.4588403 ]\n",
      " [ 0.45675737  0.1655574  -0.87405003]]\n",
      "Euler Angles (before adjustment): [169.2744364  -27.17806364  93.33360639]\n",
      "Euler Angles (after adjustment): [169.2744364  -27.17806364  93.33360639]\n",
      "Translation Vector (in mm): [-29.54887353 -14.41053658 142.79122954]\n",
      "Final Vector: [-29.54887353 -14.41053658 142.79122954 169.2744364  -27.17806364\n",
      "  93.33360639]\n",
      "Rotation Vectors: [[[-1.80923423 -2.22193363 -0.64773978]]]\n",
      "Translation Vectors: [[[-0.0295533  -0.01473486  0.13879166]]]\n",
      "Rotation Matrix:\n",
      " [[-0.22853542  0.96664726  0.1156055 ]\n",
      " [ 0.87734     0.15302802  0.45481529]\n",
      " [ 0.42195507  0.20536673 -0.88305063]]\n",
      "Euler Angles (before adjustment): [166.90773021 -24.95808091 104.60033434]\n",
      "Euler Angles (after adjustment): [166.90773021 -24.95808091 104.60033434]\n",
      "Translation Vector (in mm): [-29.55329652 -14.73485897 138.79165839]\n",
      "Final Vector: [-29.55329652 -14.73485897 138.79165839 166.90773021 -24.95808091\n",
      " 104.60033434]\n",
      "Rotation Vectors: [[[-1.77218433 -2.23936073 -0.69199852]]]\n",
      "Translation Vectors: [[[-0.0288786  -0.01404735  0.13652277]]]\n",
      "Rotation Matrix:\n",
      " [[-0.25942664  0.95732815  0.12736021]\n",
      " [ 0.86228434  0.17021715  0.47696104]\n",
      " [ 0.43492934  0.23355712 -0.86964794]]\n",
      "Euler Angles (before adjustment): [164.96707814 -25.78079806 106.74442536]\n",
      "Euler Angles (after adjustment): [164.96707814 -25.78079806 106.74442536]\n",
      "Translation Vector (in mm): [-28.87860145 -14.04735249 136.52277256]\n",
      "Final Vector: [-28.87860145 -14.04735249 136.52277256 164.96707814 -25.78079806\n",
      " 106.74442536]\n",
      "Rotation Vectors: [[[-1.89752874 -2.24024893 -0.60952854]]]\n",
      "Translation Vectors: [[[-0.02871365 -0.01418327  0.142339  ]]]\n",
      "Rotation Matrix:\n",
      " [[-0.19292005  0.96977307  0.14940563]\n",
      " [ 0.91178596  0.12092122  0.39245945]\n",
      " [ 0.3625303   0.21193926 -0.9075536 ]]\n",
      "Euler Angles (before adjustment): [166.85539554 -21.25567186 101.94671872]\n",
      "Euler Angles (after adjustment): [166.85539554 -21.25567186 101.94671872]\n",
      "Translation Vector (in mm): [-28.71365267 -14.18327368 142.33899829]\n",
      "Final Vector: [-28.71365267 -14.18327368 142.33899829 166.85539554 -21.25567186\n",
      " 101.94671872]\n",
      "Rotation Vectors: [[[-2.16614489 -2.01028493 -0.63927466]]]\n",
      "Translation Vectors: [[[-0.03097818 -0.01547162  0.15005154]]]\n",
      "Rotation Matrix:\n",
      " [[ 0.02988498  0.97421935  0.22361472]\n",
      " [ 0.92443705 -0.11202438  0.36450882]\n",
      " [ 0.38016184  0.19582439 -0.90395231]]\n",
      "Euler Angles (before adjustment): [167.77681119 -22.34370792  88.14840079]\n",
      "Euler Angles (after adjustment): [167.77681119 -22.34370792  88.14840079]\n",
      "Translation Vector (in mm): [-30.97818324 -15.47161863 150.05153586]\n",
      "Final Vector: [-30.97818324 -15.47161863 150.05153586 167.77681119 -22.34370792\n",
      "  88.14840079]\n",
      "Rotation Vectors: [[[2.39802823 2.05223467 0.5184202 ]]]\n",
      "Translation Vectors: [[[-0.03218502 -0.01679214  0.15488369]]]\n",
      "Rotation Matrix:\n",
      " [[ 0.12485508  0.97049502  0.20627804]\n",
      " [ 0.95202961 -0.17572706  0.25051869]\n",
      " [ 0.27937577  0.16510427 -0.94588041]]\n",
      "Euler Angles (before adjustment): [170.09872366 -16.22295252  82.52851561]\n",
      "Euler Angles (after adjustment): [170.09872366 -16.22295252  82.52851561]\n",
      "Translation Vector (in mm): [-32.18502383 -16.79214291 154.88369064]\n",
      "Final Vector: [-32.18502383 -16.79214291 154.88369064 170.09872366 -16.22295252\n",
      "  82.52851561]\n",
      "Rotation Vectors: [[[2.17183944 2.54460657 0.67360733]]]\n",
      "Translation Vectors: [[[-0.0293544  -0.01717315  0.13714521]]]\n",
      "Rotation Matrix:\n",
      " [[-0.16822104  0.98462494  0.04706813]\n",
      " [ 0.87895175  0.12820844  0.45935435]\n",
      " [ 0.44625722  0.11864368 -0.88700517]]\n",
      "Euler Angles (before adjustment): [172.38147396 -26.50380328 100.83471702]\n",
      "Euler Angles (after adjustment): [172.38147396 -26.50380328 100.83471702]\n",
      "Translation Vector (in mm): [-29.35439998 -17.17315234 137.1452144 ]\n",
      "Final Vector: [-29.35439998 -17.17315234 137.1452144  172.38147396 -26.50380328\n",
      " 100.83471702]\n",
      "Rotation Vectors: [[[-1.73265941 -2.25592293 -0.61767005]]]\n",
      "Translation Vectors: [[[-0.02878876 -0.01679972  0.13696805]]]\n",
      "Rotation Matrix:\n",
      " [[-0.27423648  0.9589634   0.07199684]\n",
      " [ 0.86188684  0.2118861   0.4607118 ]\n",
      " [ 0.42655062  0.18839711 -0.88462483]]\n",
      "Euler Angles (before adjustment): [167.97742701 -25.2488524  107.65010957]\n",
      "Euler Angles (after adjustment): [167.97742701 -25.2488524  107.65010957]\n",
      "Translation Vector (in mm): [-28.78876182 -16.79971707 136.9680479 ]\n",
      "Final Vector: [-28.78876182 -16.79971707 136.9680479  167.97742701 -25.2488524\n",
      " 107.65010957]\n",
      "Rotation Vectors: [[[-1.7284698  -2.27814726 -0.65347293]]]\n",
      "Translation Vectors: [[[-0.02842954 -0.01608145  0.13834031]]]\n",
      "Rotation Matrix:\n",
      " [[-0.29147614  0.95142631  0.09914455]\n",
      " [ 0.85931728  0.21489522  0.46410543]\n",
      " [ 0.42025643  0.22047229 -0.8802139 ]]\n",
      "Euler Angles (before adjustment): [165.93810097 -24.85077796 108.73668038]\n",
      "Euler Angles (after adjustment): [165.93810097 -24.85077796 108.73668038]\n",
      "Translation Vector (in mm): [-28.42953536 -16.08145266 138.34030832]\n",
      "Final Vector: [-28.42953536 -16.08145266 138.34030832 165.93810097 -24.85077796\n",
      " 108.73668038]\n",
      "未检测到任何标记或估计姿态失败\n",
      "未检测到任何标记或估计姿态失败\n",
      "Rotation Vectors: [[[-1.79314221 -2.2186285  -0.70737589]]]\n",
      "Translation Vectors: [[[-0.03055025 -0.01527345  0.14114734]]]\n",
      "Rotation Matrix:\n",
      " [[-0.24270422  0.96011436  0.13883468]\n",
      " [ 0.86328613  0.14847378  0.48238221]\n",
      " [ 0.44252878  0.23693025 -0.86488863]]\n",
      "Euler Angles (before adjustment): [164.68006338 -26.26533889 105.70279466]\n",
      "Euler Angles (after adjustment): [164.68006338 -26.26533889 105.70279466]\n",
      "Translation Vector (in mm): [-30.55025422 -15.27344759 141.14734158]\n",
      "Final Vector: [-30.55025422 -15.27344759 141.14734158 164.68006338 -26.26533889\n",
      " 105.70279466]\n",
      "Rotation Vectors: [[[-1.84149675 -2.18316491 -0.63452104]]]\n",
      "Translation Vectors: [[[-0.02944491 -0.01485278  0.14136265]]]\n",
      "Rotation Matrix:\n",
      " [[-0.19366559  0.97487924  0.11001867]\n",
      " [ 0.88197691  0.12389357  0.45471653]\n",
      " [ 0.42966309  0.18509687 -0.8838149 ]]\n",
      "Euler Angles (before adjustment): [168.17153366 -25.44618119 102.38453152]\n",
      "Euler Angles (after adjustment): [168.17153366 -25.44618119 102.38453152]\n",
      "Translation Vector (in mm): [-29.44491131 -14.852778   141.362647  ]\n",
      "Final Vector: [-29.44491131 -14.852778   141.362647   168.17153366 -25.44618119\n",
      " 102.38453152]\n",
      "Rotation Vectors: [[[-1.83867107 -2.22101214 -0.61603374]]]\n",
      "Translation Vectors: [[[-0.03016344 -0.01450381  0.14381904]]]\n",
      "Rotation Matrix:\n",
      " [[-0.21084046  0.97090327  0.11354796]\n",
      " [ 0.89067689  0.14294491  0.43158016]\n",
      " [ 0.40279149  0.19212911 -0.89489967]]\n",
      "Euler Angles (before adjustment): [167.88290832 -23.75280412 103.31787182]\n",
      "Euler Angles (after adjustment): [167.88290832 -23.75280412 103.31787182]\n",
      "Translation Vector (in mm): [-30.1634397  -14.50381019 143.81904284]\n",
      "Final Vector: [-30.1634397  -14.50381019 143.81904284 167.88290832 -23.75280412\n",
      " 103.31787182]\n",
      "Rotation Vectors: [[[2.1183895  2.50800887 0.73664844]]]\n",
      "Translation Vectors: [[[-0.02953765 -0.01546103  0.1391609 ]]]\n",
      "Rotation Matrix:\n",
      " [[-0.19222303  0.9754511   0.10744983]\n",
      " [ 0.87861946  0.12229456  0.4615971 ]\n",
      " [ 0.43712487  0.18313711 -0.88055815]]\n",
      "Euler Angles (before adjustment): [168.25120078 -25.92057991 102.34064455]\n",
      "Euler Angles (after adjustment): [168.25120078 -25.92057991 102.34064455]\n",
      "Translation Vector (in mm): [-29.53764523 -15.46103373 139.16089809]\n",
      "Final Vector: [-29.53764523 -15.46103373 139.16089809 168.25120078 -25.92057991\n",
      " 102.34064455]\n",
      "Rotation Vectors: [[[2.11012987 2.49351437 0.7743923 ]]]\n",
      "Translation Vectors: [[[-0.03002351 -0.01471318  0.13928745]]]\n",
      "Rotation Matrix:\n",
      " [[-0.19582968  0.97227228  0.12781767]\n",
      " [ 0.87362762  0.11376494  0.47310921]\n",
      " [ 0.4454498   0.20431387 -0.87168247]]\n",
      "Euler Angles (before adjustment): [166.80856102 -26.45212025 102.63439788]\n",
      "Euler Angles (after adjustment): [166.80856102 -26.45212025 102.63439788]\n",
      "Translation Vector (in mm): [-30.0235131  -14.71317993 139.28744776]\n",
      "Final Vector: [-30.0235131  -14.71317993 139.28744776 166.80856102 -26.45212025\n",
      " 102.63439788]\n",
      "Rotation Vectors: [[[2.12537151 2.50547583 0.76271706]]]\n",
      "Translation Vectors: [[[-0.03005156 -0.01471497  0.13908846]]]\n",
      "Rotation Matrix:\n",
      " [[-0.1898052   0.97553724  0.11091019]\n",
      " [ 0.8718624   0.1155245   0.47593071]\n",
      " [ 0.45147529  0.18703255 -0.8724614 ]]\n",
      "Euler Angles (before adjustment): [167.90043715 -26.83837638 102.28170912]\n",
      "Euler Angles (after adjustment): [167.90043715 -26.83837638 102.28170912]\n",
      "Translation Vector (in mm): [-30.05156029 -14.71497341 139.08845534]\n",
      "Final Vector: [-30.05156029 -14.71497341 139.08845534 167.90043715 -26.83837638\n",
      " 102.28170912]\n",
      "Rotation Vectors: [[[ 1.86453599  1.98418619 -0.06309855]]]\n",
      "Translation Vectors: [[[-0.02980148 -0.01442213  0.1378374 ]]]\n",
      "Rotation Matrix:\n",
      " [[-0.01685633  0.96397923  0.26544285]\n",
      " [ 0.94516599  0.10196264 -0.3102658 ]\n",
      " [-0.32615504  0.24565761 -0.9128391 ]]\n",
      "Euler Angles (before adjustment): [164.93776011  19.03556765  91.02171904]\n",
      "Euler Angles (after adjustment): [164.93776011  19.03556765  91.02171904]\n",
      "Translation Vector (in mm): [-29.80148122 -14.42213168 137.83739615]\n",
      "Final Vector: [-29.80148122 -14.42213168 137.83739615 164.93776011  19.03556765\n",
      "  91.02171904]\n",
      "Rotation Vectors: [[[ 1.84458711  2.02174235 -0.1088697 ]]]\n",
      "Translation Vectors: [[[-0.0299489  -0.01409852  0.13808574]]]\n",
      "Rotation Matrix:\n",
      " [[-0.04918185  0.97005546  0.23785197]\n",
      " [ 0.93890354  0.12612322 -0.32023911]\n",
      " [-0.34064835  0.2075701  -0.91699147]]\n",
      "Euler Angles (before adjustment): [167.24547586  19.91637986  92.9985396 ]\n",
      "Euler Angles (after adjustment): [167.24547586  19.91637986  92.9985396 ]\n",
      "Translation Vector (in mm): [-29.94889619 -14.09851761 138.08574113]\n",
      "Final Vector: [-29.94889619 -14.09851761 138.08574113 167.24547586  19.91637986\n",
      "  92.9985396 ]\n",
      "Rotation Vectors: [[[2.07361364 2.4260465  0.63814586]]]\n",
      "Translation Vectors: [[[-0.03032995 -0.01322886  0.14158732]]]\n",
      "Rotation Matrix:\n",
      " [[-0.18435878  0.96891965  0.1649441 ]\n",
      " [ 0.92467588  0.11410138  0.36325665]\n",
      " [ 0.33314616  0.21948939 -0.91697222]]\n",
      "Euler Angles (before adjustment): [166.53877158 -19.45984623 101.27558678]\n",
      "Euler Angles (after adjustment): [166.53877158 -19.45984623 101.27558678]\n",
      "Translation Vector (in mm): [-30.32994808 -13.22886259 141.58731828]\n",
      "Final Vector: [-30.32994808 -13.22886259 141.58731828 166.53877158 -19.45984623\n",
      " 101.27558678]\n",
      "Rotation Vectors: [[[-1.97413828 -2.21234701 -0.578167  ]]]\n",
      "Translation Vectors: [[[-0.02980385 -0.01330219  0.1410005 ]]]\n",
      "Rotation Matrix:\n",
      " [[-0.14173959  0.97671155  0.16107279]\n",
      " [ 0.93063439  0.0760193   0.35796746]\n",
      " [ 0.33738631  0.20063804 -0.9197363 ]]\n",
      "Euler Angles (before adjustment): [167.69386928 -19.71771353  98.65984167]\n",
      "Euler Angles (after adjustment): [167.69386928 -19.71771353  98.65984167]\n",
      "Translation Vector (in mm): [-29.80384589 -13.30218978 141.00050008]\n",
      "Final Vector: [-29.80384589 -13.30218978 141.00050008 167.69386928 -19.71771353\n",
      "  98.65984167]\n",
      "Rotation Vectors: [[[-1.90243146 -2.17985638 -0.64849444]]]\n",
      "Translation Vectors: [[[-0.02933978 -0.01373991  0.14043286]]]\n",
      "Rotation Matrix:\n",
      " [[-0.1675112   0.97448958  0.14936552]\n",
      " [ 0.89766912  0.08812647  0.43176832]\n",
      " [ 0.40759067  0.20640684 -0.88953137]]\n",
      "Euler Angles (before adjustment): [166.93627516 -24.05357398 100.57021107]\n",
      "Euler Angles (after adjustment): [166.93627516 -24.05357398 100.57021107]\n",
      "Translation Vector (in mm): [-29.33978092 -13.73991408 140.43286316]\n",
      "Final Vector: [-29.33978092 -13.73991408 140.43286316 166.93627516 -24.05357398\n",
      " 100.57021107]\n",
      "Rotation Vectors: [[[-2.21671101 -2.70195124  0.11434104]]]\n",
      "Translation Vectors: [[[-0.02937639 -0.01385406  0.13864039]]]\n",
      "Rotation Matrix:\n",
      " [[-0.15893116  0.96047182  0.22854929]\n",
      " [ 0.93772903  0.21927569 -0.26941129]\n",
      " [-0.30887726  0.17149945 -0.93551204]]\n",
      "Euler Angles (before adjustment): [169.6117991   17.99158184  99.61937343]\n",
      "Euler Angles (after adjustment): [169.6117991   17.99158184  99.61937343]\n",
      "Translation Vector (in mm): [-29.37639027 -13.85406071 138.64039247]\n",
      "Final Vector: [-29.37639027 -13.85406071 138.64039247 169.6117991   17.99158184\n",
      "  99.61937343]\n",
      "Rotation Vectors: [[[-1.89787037 -2.17498929 -0.63405301]]]\n",
      "Translation Vectors: [[[-0.02988688 -0.01405575  0.14142099]]]\n",
      "Rotation Matrix:\n",
      " [[-0.16509204  0.97672531  0.13693896]\n",
      " [ 0.89730383  0.09111338  0.43190761]\n",
      " [ 0.40937812  0.19418037 -0.89146146]]\n",
      "Euler Angles (before adjustment): [167.71163743 -24.16577549 100.42507585]\n",
      "Euler Angles (after adjustment): [167.71163743 -24.16577549 100.42507585]\n",
      "Translation Vector (in mm): [-29.88688021 -14.05575354 141.42099445]\n",
      "Final Vector: [-29.88688021 -14.05575354 141.42099445 167.71163743 -24.16577549\n",
      " 100.42507585]\n",
      "Rotation Vectors: [[[2.23329253 2.32065912 0.66627369]]]\n",
      "Translation Vectors: [[[-0.0321503  -0.01452824  0.14889801]]]\n",
      "Rotation Matrix:\n",
      " [[-0.07198282  0.98280223  0.17005366]\n",
      " [ 0.92332756  0.00118148  0.38401149]\n",
      " [ 0.37720643  0.18465746 -0.90753343]]\n",
      "Euler Angles (before adjustment): [168.49892688 -22.16074941  94.45777531]\n",
      "Euler Angles (after adjustment): [168.49892688 -22.16074941  94.45777531]\n",
      "Translation Vector (in mm): [-32.15030026 -14.52824239 148.89801419]\n",
      "Final Vector: [-32.15030026 -14.52824239 148.89801419 168.49892688 -22.16074941\n",
      "  94.45777531]\n",
      "Rotation Vectors: [[[2.26400681 2.28819348 0.55483553]]]\n",
      "Translation Vectors: [[[-0.03333863 -0.01504028  0.15322423]]]\n",
      "Rotation Matrix:\n",
      " [[-0.0351305   0.98846102  0.14734539]\n",
      " [ 0.94616961 -0.01457184  0.32334305]\n",
      " [ 0.32175909  0.15077294 -0.93473986]]\n",
      "Euler Angles (before adjustment): [170.83714855 -18.76934069  92.12636869]\n",
      "Euler Angles (after adjustment): [170.83714855 -18.76934069  92.12636869]\n",
      "Translation Vector (in mm): [-33.33862872 -15.04027812 153.22422987]\n",
      "Final Vector: [-33.33862872 -15.04027812 153.22422987 170.83714855 -18.76934069\n",
      "  92.12636869]\n",
      "Rotation Vectors: [[[2.27734719 2.25239807 0.68829094]]]\n",
      "Translation Vectors: [[[-0.03322268 -0.01428641  0.14961735]]]\n",
      "Rotation Matrix:\n",
      " [[-0.02893491  0.97967266  0.19850506]\n",
      " [ 0.92329268 -0.04989801  0.38084224]\n",
      " [ 0.38300574  0.1942979  -0.9030808 ]]\n",
      "Euler Angles (before adjustment): [167.85790135 -22.51998986  91.79499516]\n",
      "Euler Angles (after adjustment): [167.85790135 -22.51998986  91.79499516]\n",
      "Translation Vector (in mm): [-33.22267862 -14.28640979 149.61735267]\n",
      "Final Vector: [-33.22267862 -14.28640979 149.61735267 167.85790135 -22.51998986\n",
      "  91.79499516]\n",
      "Rotation Vectors: [[[1.92082153 2.59121652 0.79194496]]]\n",
      "Translation Vectors: [[[-0.03124698 -0.0132778   0.13815674]]]\n",
      "Rotation Matrix:\n",
      " [[-0.32034563  0.9377589   0.13411534]\n",
      " [ 0.85251228  0.22365777  0.47244049]\n",
      " [ 0.41303933  0.26567922 -0.87109877]]\n",
      "Euler Angles (before adjustment): [163.03864919 -24.39590452 110.59454288]\n",
      "Euler Angles (after adjustment): [163.03864919 -24.39590452 110.59454288]\n",
      "Translation Vector (in mm): [-31.2469834  -13.27779594 138.1567445 ]\n",
      "Final Vector: [-31.2469834  -13.27779594 138.1567445  163.03864919 -24.39590452\n",
      " 110.59454288]\n",
      "Rotation Vectors: [[[-1.73818384 -2.35953    -0.72585071]]]\n",
      "Translation Vectors: [[[-0.03107369 -0.01337638  0.1405949 ]]]\n",
      "Rotation Matrix:\n",
      " [[-0.33211077  0.92583575  0.18036241]\n",
      " [ 0.86712968  0.22442868  0.44465479]\n",
      " [ 0.37119881  0.30407224 -0.87735484]]\n",
      "Euler Angles (before adjustment): [160.88478829 -21.78956977 110.95684591]\n",
      "Euler Angles (after adjustment): [160.88478829 -21.78956977 110.95684591]\n",
      "Translation Vector (in mm): [-31.07368635 -13.37638145 140.59489507]\n",
      "Final Vector: [-31.07368635 -13.37638145 140.59489507 160.88478829 -21.78956977\n",
      " 110.95684591]\n",
      "Rotation Vectors: [[[-1.74646967 -2.31365684 -0.73588955]]]\n",
      "Translation Vectors: [[[-0.03142797 -0.01247416  0.140407  ]]]\n",
      "Rotation Matrix:\n",
      " [[-0.31051558  0.93533386  0.16950116]\n",
      " [ 0.86139339  0.20147047  0.4662736 ]\n",
      " [ 0.40197201  0.2907924  -0.86825013]]\n",
      "Euler Angles (before adjustment): [161.48338643 -23.70151616 109.8232482 ]\n",
      "Euler Angles (after adjustment): [161.48338643 -23.70151616 109.8232482 ]\n",
      "Translation Vector (in mm): [-31.42797266 -12.47416377 140.40699987]\n",
      "Final Vector: [-31.42797266 -12.47416377 140.40699987 161.48338643 -23.70151616\n",
      " 109.8232482 ]\n",
      "Rotation Vectors: [[[-1.76341479 -2.35502861 -0.68681149]]]\n",
      "Translation Vectors: [[[-0.03176802 -0.01263524  0.14144566]]]\n",
      "Rotation Matrix:\n",
      " [[-0.31384934  0.9339874   0.17078094]\n",
      " [ 0.87937015  0.2181048   0.42324749]\n",
      " [ 0.35805968  0.28301561 -0.88977269]]\n",
      "Euler Angles (before adjustment): [162.35536554 -20.98108199 109.64160574]\n",
      "Euler Angles (after adjustment): [162.35536554 -20.98108199 109.64160574]\n",
      "Translation Vector (in mm): [-31.76802265 -12.63523593 141.4456595 ]\n",
      "Final Vector: [-31.76802265 -12.63523593 141.4456595  162.35536554 -20.98108199\n",
      " 109.64160574]\n",
      "Rotation Vectors: [[[-1.88495478 -2.21288363 -0.67021299]]]\n",
      "Translation Vectors: [[[-0.03150916 -0.0130459   0.14274132]]]\n",
      "Rotation Matrix:\n",
      " [[-0.19395331  0.96701978  0.16509044]\n",
      " [ 0.89611681  0.10616302  0.43093395]\n",
      " [ 0.39919516  0.23152139 -0.88715336]]\n",
      "Euler Angles (before adjustment): [165.37367937 -23.52787338 102.21258214]\n",
      "Euler Angles (after adjustment): [165.37367937 -23.52787338 102.21258214]\n",
      "Translation Vector (in mm): [-31.50916209 -13.04590237 142.74132474]\n",
      "Final Vector: [-31.50916209 -13.04590237 142.74132474 165.37367937 -23.52787338\n",
      " 102.21258214]\n",
      "Rotation Vectors: [[[-2.10187889 -2.12506578 -0.76260209]]]\n",
      "Translation Vectors: [[[-0.03229377 -0.01279159  0.1481529 ]]]\n",
      "Rotation Matrix:\n",
      " [[-0.07055156  0.95212372  0.29746076]\n",
      " [ 0.92400776 -0.04996792  0.37909481]\n",
      " [ 0.37580865  0.30160178 -0.87624439]]\n",
      "Euler Angles (before adjustment): [161.00662683 -22.07430126  94.36628226]\n",
      "Euler Angles (after adjustment): [161.00662683 -22.07430126  94.36628226]\n",
      "Translation Vector (in mm): [-32.29377305 -12.79159184 148.15290258]\n",
      "Final Vector: [-32.29377305 -12.79159184 148.15290258 161.00662683 -22.07430126\n",
      "  94.36628226]\n",
      "Rotation Vectors: [[[2.01845971 2.50514486 0.74360995]]]\n",
      "Translation Vectors: [[[-0.03205013 -0.01307124  0.14212386]]]\n",
      "Rotation Matrix:\n",
      " [[-0.24460629  0.95756732  0.15242238]\n",
      " [ 0.88564968  0.15665408  0.43713172]\n",
      " [ 0.39470546  0.241918   -0.88638777]]\n",
      "Euler Angles (before adjustment): [164.73429984 -23.24760566 105.43954248]\n",
      "Euler Angles (after adjustment): [164.73429984 -23.24760566 105.43954248]\n",
      "Translation Vector (in mm): [-32.0501292  -13.07124318 142.12386364]\n",
      "Final Vector: [-32.0501292  -13.07124318 142.12386364 164.73429984 -23.24760566\n",
      " 105.43954248]\n",
      "Rotation Vectors: [[[-1.83655295 -2.25188699 -0.68774231]]]\n",
      "Translation Vectors: [[[-0.03239265 -0.01253359  0.14325565]]]\n",
      "Rotation Matrix:\n",
      " [[-0.23597729  0.9576795   0.16481714]\n",
      " [ 0.8863528   0.14259048  0.44050729]\n",
      " [ 0.39836345  0.25003585 -0.88249002]]\n",
      "Euler Angles (before adjustment): [164.18098595 -23.47590941 104.90827266]\n",
      "Euler Angles (after adjustment): [164.18098595 -23.47590941 104.90827266]\n",
      "Translation Vector (in mm): [-32.39264626 -12.53358579 143.25565096]\n",
      "Final Vector: [-32.39264626 -12.53358579 143.25565096 164.18098595 -23.47590941\n",
      " 104.90827266]\n",
      "Rotation Vectors: [[[-1.83490416 -2.25875363 -0.69237012]]]\n",
      "Translation Vectors: [[[-0.03232706 -0.01272936  0.14396145]]]\n",
      "Rotation Matrix:\n",
      " [[-0.24045034  0.95577638  0.16933736]\n",
      " [ 0.88649163  0.14517338  0.43938284]\n",
      " [ 0.39536846  0.25576591 -0.88219475]]\n",
      "Euler Angles (before adjustment): [163.83206866 -23.28895596 105.17567471]\n",
      "Euler Angles (after adjustment): [163.83206866 -23.28895596 105.17567471]\n",
      "Translation Vector (in mm): [-32.3270621  -12.72935793 143.96144678]\n",
      "Final Vector: [-32.3270621  -12.72935793 143.96144678 163.83206866 -23.28895596\n",
      " 105.17567471]\n",
      "Rotation Vectors: [[[2.01989989 2.53437152 0.81942505]]]\n",
      "Translation Vectors: [[[-0.03197221 -0.01233586  0.14112652]]]\n",
      "Rotation Matrix:\n",
      " [[-0.25695471  0.95597716  0.1417108 ]\n",
      " [ 0.8579848   0.15816983  0.48871709]\n",
      " [ 0.444788    0.24716387 -0.86085635]]\n",
      "Euler Angles (before adjustment): [163.98048891 -26.40977568 106.67223865]\n",
      "Euler Angles (after adjustment): [163.98048891 -26.40977568 106.67223865]\n",
      "Translation Vector (in mm): [-31.97221311 -12.33586262 141.12652133]\n",
      "Final Vector: [-31.97221311 -12.33586262 141.12652133 163.98048891 -26.40977568\n",
      " 106.67223865]\n",
      "Rotation Vectors: [[[1.9486087  2.55426808 0.80076542]]]\n",
      "Translation Vectors: [[[-0.03226947 -0.01239031  0.14181571]]]\n",
      "Rotation Matrix:\n",
      " [[-0.29791182  0.94231951  0.15258603]\n",
      " [ 0.86077773  0.19607636  0.46969753]\n",
      " [ 0.41268663  0.2712711  -0.86954111]]\n",
      "Euler Angles (before adjustment): [162.67362308 -24.37371689 109.09053743]\n",
      "Euler Angles (after adjustment): [162.67362308 -24.37371689 109.09053743]\n",
      "Translation Vector (in mm): [-32.26947115 -12.39030694 141.81571219]\n",
      "Final Vector: [-32.26947115 -12.39030694 141.81571219 162.67362308 -24.37371689\n",
      " 109.09053743]\n",
      "未检测到任何标记或估计姿态失败\n",
      "未检测到任何标记或估计姿态失败\n",
      "未检测到任何标记或估计姿态失败\n",
      "未检测到任何标记或估计姿态失败\n",
      "未检测到任何标记或估计姿态失败\n",
      "未检测到任何标记或估计姿态失败\n",
      "未检测到任何标记或估计姿态失败\n",
      "未检测到任何标记或估计姿态失败\n",
      "未检测到任何标记或估计姿态失败\n",
      "未检测到任何标记或估计姿态失败\n"
     ]
    }
   ],
   "source": [
    "import cv2\n",
    "import time\n",
    "import cv2.aruco as aruco\n",
    "from scipy.spatial.transform import Rotation as R\n",
    "\n",
    "# 创建视频捕捉对象，0 表示使用默认摄像头\n",
    "cap = cv2.VideoCapture(1)\n",
    "\n",
    "# 创建 ArUco 检测参数\n",
    "parameters = aruco.DetectorParameters_create()\n",
    "\n",
    "# 加载预定义的 ArUco 字典\n",
    "# aruco_dict = aruco.Dictionary_get(aruco.DICT_6X6_250)\n",
    "aruco_dict = aruco.Dictionary_get(aruco.DICT_4X4_250)\n",
    "i = 0\n",
    "while True:\n",
    "    # 读取一帧图像\n",
    "    time.sleep(1)\n",
    "    ret, frame = cap.read()\n",
    "    if not ret:\n",
    "        break\n",
    "\n",
    "    # 将图像转换为灰度图\n",
    "    gray = cv2.cvtColor(frame, cv2.COLOR_BGR2GRAY)\n",
    "\n",
    "    # 检测 ArUco 标记\n",
    "    corners, ids, rejectedImgPoints = aruco.detectMarkers(gray, aruco_dict, parameters=parameters)\n",
    "    rvecs, tvecs, _ = aruco.estimatePoseSingleMarkers(corners,\n",
    "                                                          marker_length,\n",
    "                                                          camera_matrix,\n",
    "                                                          camera_dist)\n",
    "    \n",
    "    # 估计标记的姿态\n",
    "    rvecs, tvecs, _ = aruco.estimatePoseSingleMarkers(corners, marker_length, camera_matrix, camera_dist)\n",
    "\n",
    "    # 检查返回值\n",
    "    if rvecs is not None and len(rvecs) > 0:\n",
    "        print(\"Rotation Vectors:\", rvecs)\n",
    "        # Rotation Vectors: [[[-3.12682862  0.03934772  0.00940102]]]\n",
    "        print(\"Translation Vectors:\", tvecs)\n",
    "        # Translation Vectors: [[[0.00055413 0.00014394 0.02618797]]]\n",
    "        \n",
    "        # 处理第一个标记的旋转向量\n",
    "        rr = R.from_rotvec(rvecs[0][0])\n",
    "        print(\"Rotation Matrix:\\n\", rr.as_matrix())\n",
    "         # [[ 0.99966529 -0.02520588 -0.00582934]\n",
    "         # [-0.02511868 -0.9995782   0.01457627]\n",
    "         # [-0.00619429 -0.01442496 -0.99987677]]\n",
    "    \n",
    "        # 获取欧拉角（以度为单位）\n",
    "        rpy = rr.as_euler('xyz', degrees=True)\n",
    "\n",
    "    \n",
    "        # 打印欧拉角\n",
    "        print(\"Euler Angles (before adjustment):\", rpy)\n",
    "        # Euler Angles (before adjustment): [-179.17346597    0.35490888   -1.4393736 ]\n",
    "    \n",
    "        # 确保 rpy 是一个数组并且长度为 3\n",
    "        if rpy.shape == (3,):\n",
    "            rpy[-1] = rpy[-1] + 360 * (rpy[-1] < 0)\n",
    "            rpy[0] = rpy[0] + 360 * (rpy[0] < 0)\n",
    "            print(\"Euler Angles (after adjustment):\", rpy)\n",
    "            # Euler Angles (after adjustment): [1.80826534e+02 3.54908876e-01 3.58560626e+02]\n",
    "            \n",
    "            # 检查 tvecs[0][0] 是否有效\n",
    "            if tvecs is not None and len(tvecs) > 0:\n",
    "                print(\"Translation Vector (in mm):\", tvecs[0][0] * 1000)\n",
    "                # 将平移向量转换为毫米并合并\n",
    "                back = np.concatenate((tvecs[0][0] * 1000, rpy))\n",
    "                print(\"Final Vector:\", back)\n",
    " #                Final Vector: [5.54131605e-01 1.43942161e-01 2.61879730e+01 1.80826534e+02\n",
    " # 3.54908876e-01 3.58560626e+02]\n",
    "            else:\n",
    "                print(\"Translation vector is None or empty.\")\n",
    "        else:\n",
    "            print(\"Unexpected shape for Euler angles:\", rpy.shape)\n",
    "    else:\n",
    "        print(\"未检测到任何标记或估计姿态失败\")\n",
    "\n",
    "\n",
    "    # 如果检测到标记，绘制边框并显示 ID\n",
    "    if ids is not None:\n",
    "        frame = aruco.drawDetectedMarkers(frame, corners, ids)\n",
    "        cv2.drawFrameAxes(frame, camera_matrix, camera_dist, rvecs[i], tvecs[i], 0.1)\n",
    "        # print('corners:',i, corners)\n",
    "\n",
    "    # 显示结果图像\n",
    "    cv2.imshow('Aruco Detection', frame)\n",
    "\n",
    "    # 按下 'q' 键退出\n",
    "    if cv2.waitKey(1) & 0xFF == ord('q'):\n",
    "        break\n",
    "\n",
    "# 释放视频捕捉对象并关闭所有窗口\n",
    "cap.release()\n",
    "cv2.destroyAllWindows()"
   ]
  }
 ],
 "metadata": {
  "kernelspec": {
   "display_name": "Python 3",
   "language": "python",
   "name": "python3"
  },
  "language_info": {
   "codemirror_mode": {
    "name": "ipython",
    "version": 3
   },
   "file_extension": ".py",
   "mimetype": "text/x-python",
   "name": "python",
   "nbconvert_exporter": "python",
   "pygments_lexer": "ipython3",
   "version": "3.11.9"
  }
 },
 "nbformat": 4,
 "nbformat_minor": 2
}
