{
 "cells": [
  {
   "cell_type": "code",
   "execution_count": 1,
   "metadata": {},
   "outputs": [
    {
     "name": "stdout",
     "output_type": "stream",
     "text": [
      "4.6.0\n",
      "当前工作目录: d:\\vscodeproject\\soft_fingers\\Weld_sin_Use_UR_with_rotation\\ControlCode_Use_UR_Rewrite_sin_rotation\n"
     ]
    }
   ],
   "source": [
    "import cv2\n",
    "print(cv2.__version__)\n",
    "import os\n",
    "print(\"当前工作目录:\", os.getcwd())\n",
    "\n"
   ]
  },
  {
   "cell_type": "code",
   "execution_count": 7,
   "metadata": {},
   "outputs": [
    {
     "name": "stdout",
     "output_type": "stream",
     "text": [
      "camera open\n",
      "True\n",
      "True camera id:\n",
      "(480, 640, 3)\n",
      "True\n",
      "True camera id:\n",
      "(480, 640, 3)\n",
      "camera open\n",
      "True\n",
      "True camera id:\n",
      "(480, 640, 3)\n",
      "True\n",
      "True camera id:\n",
      "(480, 640, 3)\n",
      "True\n",
      "True camera id:\n",
      "(480, 640, 3)\n",
      "True\n",
      "True camera id:\n",
      "(480, 640, 3)\n",
      "True\n",
      "True camera id:\n",
      "(480, 640, 3)\n",
      "True\n",
      "True camera id:\n",
      "(480, 640, 3)\n",
      "True\n",
      "True camera id:\n",
      "(480, 640, 3)\n",
      "True\n",
      "True camera id:\n",
      "(480, 640, 3)\n",
      "True\n",
      "True camera id:\n",
      "(480, 640, 3)\n",
      "True\n",
      "True camera id:\n",
      "(480, 640, 3)\n",
      "True\n",
      "True camera id:\n",
      "(480, 640, 3)\n",
      "True\n",
      "True camera id:\n",
      "(480, 640, 3)\n",
      "camera open\n",
      "True\n",
      "True camera id:\n",
      "(480, 640, 3)\n",
      "True\n",
      "True camera id:\n",
      "(480, 640, 3)\n",
      "True\n",
      "True camera id:\n",
      "(480, 640, 3)\n"
     ]
    }
   ],
   "source": [
    "for i in range(0, 8):\n",
    "    cap = cv2.VideoCapture(i)\n",
    "    if cap.isOpened():\n",
    "        print( 'camera open')\n",
    "        while True:\n",
    "            ret, img = cap.read()\n",
    "            print(ret)\n",
    "            if not ret:\n",
    "                continue\n",
    "            else:\n",
    "                print(ret, \"camera id:\")\n",
    "                print(img.shape)\n",
    "            #\n",
    "\n",
    "                cv2.imshow('5', img)\n",
    "                cv2.waitKey(10)\n",
    "                c = cv2.waitKey(1000)\n",
    "                if c == 27:\n",
    "                        break\n",
    "                cap.set(cv2.CAP_PROP_FPS, 330)\n",
    "                cv2.destroyAllWindows()\n",
    "    cap.release()\n",
    "    cv2.destroyAllWindows()\n",
    "    # break"
   ]
  },
  {
   "cell_type": "code",
   "execution_count": 8,
   "metadata": {},
   "outputs": [],
   "source": [
    "from cv2 import aruco\n",
    "import cv2\n",
    "import cv2.aruco as aruco"
   ]
  },
  {
   "cell_type": "code",
   "execution_count": 9,
   "metadata": {},
   "outputs": [],
   "source": [
    "# 创建 4X4_100 字典\n",
    "aruco_dict = aruco.Dictionary_get(aruco.DICT_4X4_250)\n",
    "\n",
    "# 生成一个 ID 为 42 的 ArUco 标记\n",
    "marker_id = 30\n",
    "marker_size = 200  # 标记的尺寸（以像素为单位）\n",
    "marker_image = aruco.drawMarker(aruco_dict, marker_id, marker_size)\n"
   ]
  },
  {
   "cell_type": "code",
   "execution_count": 10,
   "metadata": {},
   "outputs": [],
   "source": [
    "cv2.imshow('ArUco Marker', marker_image)\n",
    "cv2.waitKey(0)\n",
    "cv2.destroyAllWindows()\n"
   ]
  },
  {
   "cell_type": "code",
   "execution_count": 1,
   "metadata": {},
   "outputs": [],
   "source": [
    "# print(aruco_dict)\n",
    "# print(aruco.DICT_4X4_100)\n",
    "import cv2, os, yaml\n",
    "import pandas as pd\n",
    "config = yaml.load(open('./controller_config.yaml'), Loader=yaml.FullLoader)"
   ]
  },
  {
   "cell_type": "code",
   "execution_count": 2,
   "metadata": {},
   "outputs": [
    {
     "name": "stdout",
     "output_type": "stream",
     "text": [
      "队列已满，无法添加新的图像\n",
      "队列已满，无法添加新的图像\n",
      "队列已满，无法添加新的图像\n",
      "队列已满，无法添加新的图像\n",
      "队列已满，无法添加新的图像\n",
      "ImgQue size: 100\n",
      "程序未崩溃，继续运行\n"
     ]
    }
   ],
   "source": [
    "import numpy as np\n",
    "import time\n",
    "from queue import LifoQueue, Full\n",
    "\n",
    "class GetFingerForce:\n",
    "    def __init__(self, tag_pose_vecs):\n",
    "        self.p0 = np.mean(tag_pose_vecs[:, :], axis=0)\n",
    "        # 取均值\n",
    "        self.dpLast = np.zeros([6])\n",
    "        self.dp = np.zeros([12])\n",
    "        self.ImgQue = LifoQueue(100)\n",
    "        # 后进先出队列，最新的图像会被最先处理\n",
    "        self.StopImgRead = LifoQueue(1000)\n",
    "\n",
    "        self.Pose = np.zeros(0)\n",
    "        self.LastTime = time.time()\n",
    "\n",
    "    def add_image(self, img):\n",
    "        try:\n",
    "            self.ImgQue.put(img, block=False)\n",
    "        except Full:\n",
    "            print(\"队列已满，无法添加新的图像\")\n",
    "\n",
    "# 示例用法\n",
    "tag_pose_vecs = np.random.rand(10, 3)  # 示例数据\n",
    "get_finger_force = GetFingerForce(tag_pose_vecs)\n",
    "\n",
    "# 尝试添加一些图像到队列中\n",
    "for _ in range(105):  # 尝试添加超过队列容量的图像\n",
    "    img = np.random.rand(640, 480, 3)  # 示例图像数据\n",
    "    get_finger_force.add_image(img)\n",
    "\n",
    "print(\"ImgQue size:\", get_finger_force.ImgQue.qsize())\n",
    "print(\"程序未崩溃，继续运行\")"
   ]
  },
  {
   "cell_type": "markdown",
   "metadata": {},
   "source": []
  },
  {
   "cell_type": "code",
   "execution_count": 3,
   "metadata": {},
   "outputs": [
    {
     "name": "stdout",
     "output_type": "stream",
     "text": [
      "[-3.14159265  0.          0.        ]\n"
     ]
    }
   ],
   "source": [
    "from scipy.spatial.transform import Rotation as Rt\n",
    "def rpy2rot_vec(rpy):\n",
    "    r = Rt.from_euler('xyz', rpy)\n",
    "    rot_vec = r.as_rotvec()\n",
    "    return rot_vec\n",
    "    # 欧拉角转换成旋转向量\n",
    "tcp = rpy2rot_vec((-np.pi, 0, 0))\n",
    "print(tcp)"
   ]
  },
  {
   "cell_type": "code",
   "execution_count": 4,
   "metadata": {},
   "outputs": [
    {
     "data": {
      "text/plain": [
       "< cv2.aruco.DetectorParameters 000001A3B6960490>"
      ]
     },
     "execution_count": 4,
     "metadata": {},
     "output_type": "execute_result"
    }
   ],
   "source": [
    "import numpy as np\n",
    "import cv2\n",
    "import cv2.aruco as aruco\n",
    "parameters = aruco.DetectorParameters_create()\n",
    "aruco_dict = aruco.Dictionary_get(aruco.DICT_4X4_100)\n",
    "# camera_matrix =np.matrix ([[ 522.1905267183170736, 0.0000000000000000, 308.8532705794233948  ],\n",
    "#                   [ 0.0000000000000000, 522.8166355728753842, 234.2130798407917496 ],\n",
    "#                   [ 0.0000000000000000, 0.0000000000000000, 1.0000000000000000 ]])\n",
    "# # camera_matrix = [[1000, 0, 320], [0, 1000, 240], [0, 0, 1]]  # 示例相机矩阵\n",
    "# camera_dist = np.matrix([ 0.1058497356483027 ,-0.1488874492570700 ,0.0000000000000000 ,0.0000000000000000 ,-0.8698561798572152])\n",
    "\n",
    "camera_matrix = np.matrix( [[3.20790520e+03, 0.00000000e+00, 1.01091874e+03],\n",
    "                  [0.00000000e+00, 3.39787065e+03, 6.44844641e+02],\n",
    "                  [0.00000000e+00, 0.00000000e+00, 1.00000000e+00]])\n",
    "camera_dist = np.matrix( [ 3.40400374e-01, -2.65574509e+00,  9.96946780e-03,  8.68103031e-03,  -4.46459652e+01])\n",
    "  # marker_length: 0.012\n",
    "marker_length = 0.006\n",
    "parameters"
   ]
  },
  {
   "cell_type": "code",
   "execution_count": 6,
   "metadata": {},
   "outputs": [
    {
     "name": "stdout",
     "output_type": "stream",
     "text": [
      "未检测到任何标记或估计姿态失败\n",
      "Rotation Vectors: [[[-2.61793836 -0.52675947 -0.26916079]]]\n",
      "Translation Vectors: [[[-0.02209879 -0.01064906  0.10285197]]]\n",
      "Rotation Matrix:\n",
      " [[ 0.90784566  0.40748497  0.09885471]\n",
      " [ 0.31886342 -0.82401649  0.46831928]\n",
      " [ 0.27229098 -0.39364047 -0.87801185]]\n",
      "Euler Angles (before adjustment): [-155.8517981   -15.80063906   19.35284908]\n",
      "Euler Angles (after adjustment): [204.1482019  -15.80063906  19.35284908]\n",
      "Translation Vector (in mm): [-22.09879034 -10.64905928 102.85196542]\n",
      "Final Vector: [-22.09879034 -10.64905928 102.85196542 204.1482019  -15.80063906\n",
      "  19.35284908]\n",
      "Rotation Vectors: [[[-2.59728519 -0.51507435 -0.25669207]]]\n",
      "Translation Vectors: [[[-0.02126291 -0.01210094  0.10312447]]]\n",
      "Rotation Matrix:\n",
      " [[ 0.91172108  0.40125735  0.08807498]\n",
      " [ 0.31191775 -0.8156716   0.48722393]\n",
      " [ 0.26734244 -0.41674018 -0.86882428]]\n",
      "Euler Angles (before adjustment): [-154.37483288  -15.50618765   18.88682823]\n",
      "Euler Angles (after adjustment): [205.62516712 -15.50618765  18.88682823]\n",
      "Translation Vector (in mm): [-21.26290582 -12.10093617 103.12446651]\n",
      "Final Vector: [-21.26290582 -12.10093617 103.12446651 205.62516712 -15.50618765\n",
      "  18.88682823]\n",
      "未检测到任何标记或估计姿态失败\n",
      "未检测到任何标记或估计姿态失败\n",
      "未检测到任何标记或估计姿态失败\n",
      "Rotation Vectors: [[[-2.53840598 -0.57423316 -0.21706644]]]\n",
      "Translation Vectors: [[[-0.02185956 -0.01092855  0.09851414]]]\n",
      "Rotation Matrix:\n",
      " [[ 0.89707026  0.44013386  0.03933365]\n",
      " [ 0.35609587 -0.77274151  0.52542011]\n",
      " [ 0.26164993 -0.45733221 -0.84993327]]\n",
      "Euler Angles (before adjustment): [-151.71618809  -15.16798562   21.65081405]\n",
      "Euler Angles (after adjustment): [208.28381191 -15.16798562  21.65081405]\n",
      "Translation Vector (in mm): [-21.85955803 -10.92854609  98.5141378 ]\n",
      "Final Vector: [-21.85955803 -10.92854609  98.5141378  208.28381191 -15.16798562\n",
      "  21.65081405]\n",
      "未检测到任何标记或估计姿态失败\n",
      "未检测到任何标记或估计姿态失败\n",
      "Rotation Vectors: [[[-2.60869883 -0.54709863 -0.26510858]]]\n",
      "Translation Vectors: [[[-0.02179879 -0.01019913  0.10064969]]]\n",
      "Rotation Matrix:\n",
      " [[ 0.90239767  0.42109707  0.09140951]\n",
      " [ 0.3326895  -0.81567844  0.473272  ]\n",
      " [ 0.27385422 -0.39666857 -0.8761609 ]]\n",
      "Euler Angles (before adjustment): [-155.64208048  -15.8937447    20.23755996]\n",
      "Euler Angles (after adjustment): [204.35791952 -15.8937447   20.23755996]\n",
      "Translation Vector (in mm): [-21.79879429 -10.19912985 100.64968879]\n",
      "Final Vector: [-21.79879429 -10.19912985 100.64968879 204.35791952 -15.8937447\n",
      "  20.23755996]\n",
      "Rotation Vectors: [[[-2.59446878 -0.54989563 -0.26724327]]]\n",
      "Translation Vectors: [[[-0.02173451 -0.01011976  0.10024007]]]\n",
      "Rotation Matrix:\n",
      " [[ 0.90062813  0.42521617  0.08977853]\n",
      " [ 0.33332306 -0.80842224  0.48512804]\n",
      " [ 0.27886325 -0.40699471 -0.86982216]]\n",
      "Euler Angles (before adjustment): [-154.92484063  -16.19237183   20.30954632]\n",
      "Euler Angles (after adjustment): [205.07515937 -16.19237183  20.30954632]\n",
      "Translation Vector (in mm): [-21.73450914 -10.119759   100.24006753]\n",
      "Final Vector: [-21.73450914 -10.119759   100.24006753 205.07515937 -16.19237183\n",
      "  20.30954632]\n",
      "Rotation Vectors: [[[-2.58405488 -0.53930403 -0.2658107 ]]]\n",
      "Translation Vectors: [[[-0.02174768 -0.01011414  0.10026451]]]\n",
      "Rotation Matrix:\n",
      " [[ 0.90329034  0.4198338   0.08835239]\n",
      " [ 0.32579376 -0.80522484  0.49545068]\n",
      " [ 0.27915048 -0.41875116 -0.86413105]]\n",
      "Euler Angles (before adjustment): [-154.14553413  -16.20950953   19.83307912]\n",
      "Euler Angles (after adjustment): [205.85446587 -16.20950953  19.83307912]\n",
      "Translation Vector (in mm): [-21.74767768 -10.11414463 100.26451089]\n",
      "Final Vector: [-21.74767768 -10.11414463 100.26451089 205.85446587 -16.20950953\n",
      "  19.83307912]\n",
      "Rotation Vectors: [[[-2.60825435 -0.5357305  -0.26232967]]]\n",
      "Translation Vectors: [[[-0.02178726 -0.01023454  0.10062935]]]\n",
      "Rotation Matrix:\n",
      " [[ 0.90589112  0.41361876  0.09099891]\n",
      " [ 0.32551264 -0.81746617  0.47517426]\n",
      " [ 0.27092952 -0.40083484 -0.87517348]]\n",
      "Euler Angles (before adjustment): [-155.39192865  -15.71958594   19.76481723]\n",
      "Euler Angles (after adjustment): [204.60807135 -15.71958594  19.76481723]\n",
      "Translation Vector (in mm): [-21.78726053 -10.23453779 100.62935376]\n",
      "Final Vector: [-21.78726053 -10.23453779 100.62935376 204.60807135 -15.71958594\n",
      "  19.76481723]\n",
      "Rotation Vectors: [[[-2.60307226 -0.53409287 -0.27035021]]]\n",
      "Translation Vectors: [[[-0.02180731 -0.01020651  0.10073088]]]\n",
      "Rotation Matrix:\n",
      " [[ 0.90500307  0.41445457  0.09590021]\n",
      " [ 0.32267174 -0.81568624  0.48014467]\n",
      " [ 0.27722264 -0.40358811 -0.87193133]]\n",
      "Euler Angles (before adjustment): [-155.16214559  -16.09451283   19.62329364]\n",
      "Euler Angles (after adjustment): [204.83785441 -16.09451283  19.62329364]\n",
      "Translation Vector (in mm): [-21.80730611 -10.20651329 100.7308798 ]\n",
      "Final Vector: [-21.80730611 -10.20651329 100.7308798  204.83785441 -16.09451283\n",
      "  19.62329364]\n",
      "Rotation Vectors: [[[-2.59451346 -0.52998967 -0.26106813]]]\n",
      "Translation Vectors: [[[-0.02190991 -0.01017988  0.10066148]]]\n",
      "Rotation Matrix:\n",
      " [[ 0.90699299  0.41176474  0.08839405]\n",
      " [ 0.32103752 -0.81184254  0.48769519]\n",
      " [ 0.27257773 -0.41395831 -0.86852743]]\n",
      "Euler Angles (before adjustment): [-154.51655599  -15.81771453   19.49182986]\n",
      "Euler Angles (after adjustment): [205.48344401 -15.81771453  19.49182986]\n",
      "Translation Vector (in mm): [-21.90991483 -10.17988152 100.66147738]\n",
      "Final Vector: [-21.90991483 -10.17988152 100.66147738 205.48344401 -15.81771453\n",
      "  19.49182986]\n",
      "Rotation Vectors: [[[-2.61324302 -0.35131696 -0.20257029]]]\n",
      "Translation Vectors: [[[-0.02103735 -0.01146617  0.10139159]]]\n",
      "Rotation Matrix:\n",
      " [[ 0.95581403  0.28319182  0.07887919]\n",
      " [ 0.21013804 -0.84582234  0.49033313]\n",
      " [ 0.20557611 -0.45209176 -0.86795824]]\n",
      "Euler Angles (before adjustment): [-152.48643009  -11.86322627   12.39935381]\n",
      "Euler Angles (after adjustment): [207.51356991 -11.86322627  12.39935381]\n",
      "Translation Vector (in mm): [-21.03734769 -11.46617422 101.39158878]\n",
      "Final Vector: [-21.03734769 -11.46617422 101.39158878 207.51356991 -11.86322627\n",
      "  12.39935381]\n",
      "Rotation Vectors: [[[2.73952348 0.40178858 0.32626176]]]\n",
      "Translation Vectors: [[[-0.02212664 -0.00914104  0.10170034]]]\n",
      "Rotation Matrix:\n",
      " [[ 0.93320513  0.23393344  0.27276975]\n",
      " [ 0.31498037 -0.89787727 -0.30757727]\n",
      " [ 0.17296115  0.3729498  -0.91158811]]\n",
      "Euler Angles (before adjustment): [157.74950148  -9.96003149  18.65084152]\n",
      "Euler Angles (after adjustment): [157.74950148  -9.96003149  18.65084152]\n",
      "Translation Vector (in mm): [-22.12663823  -9.14104183 101.70034356]\n",
      "Final Vector: [-22.12663823  -9.14104183 101.70034356 157.74950148  -9.96003149\n",
      "  18.65084152]\n",
      "未检测到任何标记或估计姿态失败\n",
      "Rotation Vectors: [[[-3.36652386 -0.46066327 -0.374646  ]]]\n",
      "Translation Vectors: [[[-0.02201295 -0.00958964  0.10354267]]]\n",
      "Rotation Matrix:\n",
      " [[ 0.94080886  0.23040153  0.24858364]\n",
      " [ 0.29032092 -0.92628216 -0.24023972]\n",
      " [ 0.17490699  0.29818869 -0.93834485]]\n",
      "Euler Angles (before adjustment): [162.370703   -10.07324555  17.14951988]\n",
      "Euler Angles (after adjustment): [162.370703   -10.07324555  17.14951988]\n",
      "Translation Vector (in mm): [-22.01294807  -9.58963777 103.54267144]\n",
      "Final Vector: [-22.01294807  -9.58963777 103.54267144 162.370703   -10.07324555\n",
      "  17.14951988]\n",
      "Rotation Vectors: [[[2.78439851 0.37719559 0.31827827]]]\n",
      "Translation Vectors: [[[-0.02186103 -0.00958673  0.10290303]]]\n",
      "Rotation Matrix:\n",
      " [[ 0.940566    0.22152712  0.25741278]\n",
      " [ 0.29101041 -0.91645363 -0.27463736]\n",
      " [ 0.17506725  0.33322436 -0.92645183]]\n",
      "Euler Angles (before adjustment): [160.21745692 -10.08257172  17.19202824]\n",
      "Euler Angles (after adjustment): [160.21745692 -10.08257172  17.19202824]\n",
      "Translation Vector (in mm): [-21.86102678  -9.58672529 102.90303444]\n",
      "Final Vector: [-21.86102678  -9.58672529 102.90303444 160.21745692 -10.08257172\n",
      "  17.19202824]\n",
      "未检测到任何标记或估计姿态失败\n",
      "Rotation Vectors: [[[-3.40669376 -0.47184072 -0.40000798]]]\n",
      "Translation Vectors: [[[-0.02180012 -0.00957529  0.102697  ]]]\n",
      "Rotation Matrix:\n",
      " [[ 0.9377923   0.22489579  0.26451366]\n",
      " [ 0.2977557  -0.912787   -0.27957367]\n",
      " [ 0.17856969  0.34094249 -0.92296863]]\n",
      "Euler Angles (before adjustment): [159.72588613 -10.2864594   17.61501224]\n",
      "Euler Angles (after adjustment): [159.72588613 -10.2864594   17.61501224]\n",
      "Translation Vector (in mm): [-21.80011668  -9.57529044 102.69700445]\n",
      "Final Vector: [-21.80011668  -9.57529044 102.69700445 159.72588613 -10.2864594\n",
      "  17.61501224]\n",
      "Rotation Vectors: [[[2.76250911 0.3766741  0.32382249]]]\n",
      "Translation Vectors: [[[-0.02174779 -0.00954929  0.10249089]]]\n",
      "Rotation Matrix:\n",
      " [[ 0.93909901  0.21892436  0.26488709]\n",
      " [ 0.29473657 -0.90946344 -0.29326882]\n",
      " [ 0.17670144  0.35348037 -0.91860124]]\n",
      "Euler Angles (before adjustment): [158.95313305 -10.17768646  17.42448429]\n",
      "Euler Angles (after adjustment): [158.95313305 -10.17768646  17.42448429]\n",
      "Translation Vector (in mm): [-21.747794    -9.54928869 102.4908919 ]\n",
      "Final Vector: [-21.747794    -9.54928869 102.4908919  158.95313305 -10.17768646\n",
      "  17.42448429]\n",
      "Rotation Vectors: [[[-3.39319361 -0.45301404 -0.40403475]]]\n",
      "Translation Vectors: [[[-0.02187243 -0.00965173  0.10303334]]]\n",
      "Rotation Matrix:\n",
      " [[ 0.93941592  0.21749435  0.2649414 ]\n",
      " [ 0.28799459 -0.91996317 -0.26594527]\n",
      " [ 0.18589473  0.32613491 -0.92686524]]\n",
      "Euler Angles (before adjustment): [160.61462291 -10.71330165  17.04384848]\n",
      "Euler Angles (after adjustment): [160.61462291 -10.71330165  17.04384848]\n",
      "Translation Vector (in mm): [-21.87242894  -9.65173122 103.03333884]\n",
      "Final Vector: [-21.87242894  -9.65173122 103.03333884 160.61462291 -10.71330165\n",
      "  17.04384848]\n",
      "Rotation Vectors: [[[-3.40652295 -0.46278412 -0.40187025]]]\n",
      "Translation Vectors: [[[-0.02182115 -0.00963711  0.10287147]]]\n",
      "Rotation Matrix:\n",
      " [[ 0.93887258  0.22003717  0.26476768]\n",
      " [ 0.29300216 -0.91450271 -0.2789884 ]\n",
      " [ 0.18074294  0.33951206 -0.92307288]]\n",
      "Euler Angles (before adjustment): [159.80615769 -10.41303714  17.33203247]\n",
      "Euler Angles (after adjustment): [159.80615769 -10.41303714  17.33203247]\n",
      "Translation Vector (in mm): [-21.82114781  -9.63711289 102.87147152]\n",
      "Final Vector: [-21.82114781  -9.63711289 102.87147152 159.80615769 -10.41303714\n",
      "  17.33203247]\n",
      "Rotation Vectors: [[[2.76346446 0.36923686 0.3263977 ]]]\n",
      "Translation Vectors: [[[-0.02179248 -0.00960743  0.10261721]]]\n",
      "Rotation Matrix:\n",
      " [[ 0.94006312  0.21363561  0.26578405]\n",
      " [ 0.28998889 -0.91091952 -0.29348266]\n",
      " [ 0.17940953  0.35296664 -0.9182738 ]]\n",
      "Euler Angles (before adjustment): [158.97420804 -10.33536834  17.1438489 ]\n",
      "Euler Angles (after adjustment): [158.97420804 -10.33536834  17.1438489 ]\n",
      "Translation Vector (in mm): [-21.79248496  -9.60743084 102.61720518]\n",
      "Final Vector: [-21.79248496  -9.60743084 102.61720518 158.97420804 -10.33536834\n",
      "  17.1438489 ]\n",
      "Rotation Vectors: [[[2.75400411 0.37112749 0.33488445]]]\n",
      "Translation Vectors: [[[-0.0217039  -0.00958094  0.10215901]]]\n",
      "Rotation Matrix:\n",
      " [[ 0.93806241  0.21314903  0.27314174]\n",
      " [ 0.29353237 -0.90774813 -0.29971999]\n",
      " [ 0.18405888  0.361332   -0.91409054]]\n",
      "Euler Angles (before adjustment): [158.43154581 -10.60626803  17.37560474]\n",
      "Euler Angles (after adjustment): [158.43154581 -10.60626803  17.37560474]\n",
      "Translation Vector (in mm): [-21.7038998   -9.58094426 102.15901321]\n",
      "Final Vector: [-21.7038998   -9.58094426 102.15901321 158.43154581 -10.60626803\n",
      "  17.37560474]\n",
      "Rotation Vectors: [[[2.76054031 0.37586787 0.32613013]]]\n",
      "Translation Vectors: [[[-0.02179269 -0.00957153  0.10238037]]]\n",
      "Rotation Matrix:\n",
      " [[ 0.93881948  0.21795002  0.26667541]\n",
      " [ 0.29474137 -0.90899364 -0.29471695]\n",
      " [ 0.17817269  0.35528629 -0.91761983]]\n",
      "Euler Angles (before adjustment): [158.83447124 -10.26334228  17.42962519]\n",
      "Euler Angles (after adjustment): [158.83447124 -10.26334228  17.42962519]\n",
      "Translation Vector (in mm): [-21.79268775  -9.57152801 102.38037045]\n",
      "Final Vector: [-21.79268775  -9.57152801 102.38037045 158.83447124 -10.26334228\n",
      "  17.42962519]\n",
      "Rotation Vectors: [[[-2.67062699 -0.47022972 -0.28118212]]]\n",
      "Translation Vectors: [[[-0.02196649 -0.00958515  0.10322936]]]\n",
      "Rotation Matrix:\n",
      " [[ 0.92265829  0.36517813  0.12388145]\n",
      " [ 0.28194396 -0.85800639  0.42933977]\n",
      " [ 0.26307657 -0.36120627 -0.89460648]]\n",
      "Euler Angles (before adjustment): [-158.01311647  -15.2526936    16.99199307]\n",
      "Euler Angles (after adjustment): [201.98688353 -15.2526936   16.99199307]\n",
      "Translation Vector (in mm): [-21.96648943  -9.58515413 103.2293648 ]\n",
      "Final Vector: [-21.96648943  -9.58515413 103.2293648  201.98688353 -15.2526936\n",
      "  16.99199307]\n",
      "Rotation Vectors: [[[2.76151982 0.3762372  0.32523259]]]\n",
      "Translation Vectors: [[[-0.0217688  -0.00957495  0.10242699]]]\n",
      "Rotation Matrix:\n",
      " [[ 0.93892546  0.21838376  0.26594643]\n",
      " [ 0.29473997 -0.90924218 -0.29395068]\n",
      " [ 0.17761566  0.35438282 -0.91807706]]\n",
      "Euler Angles (before adjustment): [158.89313614 -10.23090937  17.42769904]\n",
      "Euler Angles (after adjustment): [158.89313614 -10.23090937  17.42769904]\n",
      "Translation Vector (in mm): [-21.768802    -9.57494862 102.42699033]\n",
      "Final Vector: [-21.768802    -9.57494862 102.42699033 158.89313614 -10.23090937\n",
      "  17.42769904]\n",
      "Rotation Vectors: [[[-3.40826991 -0.47138381 -0.40337333]]]\n",
      "Translation Vectors: [[[-0.02184499 -0.00959753  0.10258577]]]\n",
      "Rotation Matrix:\n",
      " [[ 0.93750974  0.22390664  0.2663481 ]\n",
      " [ 0.29775477 -0.91231311 -0.28111722]\n",
      " [ 0.18004885  0.34285655 -0.92197169]]\n",
      "Euler Angles (before adjustment): [159.60118198 -10.37260534  17.61994127]\n",
      "Euler Angles (after adjustment): [159.60118198 -10.37260534  17.61994127]\n",
      "Translation Vector (in mm): [-21.8449926   -9.59753332 102.58576621]\n",
      "Final Vector: [-21.8449926   -9.59753332 102.58576621 159.60118198 -10.37260534\n",
      "  17.61994127]\n",
      "Rotation Vectors: [[[2.75240204 0.37573531 0.33300834]]]\n",
      "Translation Vectors: [[[-0.02177689 -0.00957277  0.10230715]]]\n",
      "Rotation Matrix:\n",
      " [[ 0.93747988  0.21638517  0.27259665]\n",
      " [ 0.29661771 -0.90647387 -0.30053796]\n",
      " [ 0.18206979  0.36260528 -0.91398468]]\n",
      "Euler Angles (before adjustment): [158.3602797  -10.4903423   17.55732021]\n",
      "Euler Angles (after adjustment): [158.3602797  -10.4903423   17.55732021]\n",
      "Translation Vector (in mm): [-21.77689302  -9.57277268 102.30714984]\n",
      "Final Vector: [-21.77689302  -9.57277268 102.30714984 158.3602797  -10.4903423\n",
      "  17.55732021]\n",
      "Rotation Vectors: [[[2.78743216 0.3839651  0.33280731]]]\n",
      "Translation Vectors: [[[-0.02190393 -0.00962526  0.10298487]]]\n",
      "Rotation Matrix:\n",
      " [[ 0.93719305  0.22472048  0.26677686]\n",
      " [ 0.29598781 -0.91700988 -0.26736511]\n",
      " [ 0.1845546   0.32953542 -0.92592981]]\n",
      "Euler Angles (before adjustment): [160.40952051 -10.6351655   17.52735359]\n",
      "Euler Angles (after adjustment): [160.40952051 -10.6351655   17.52735359]\n",
      "Translation Vector (in mm): [-21.90393159  -9.62525527 102.98486832]\n",
      "Final Vector: [-21.90393159  -9.62525527 102.98486832 160.40952051 -10.6351655\n",
      "  17.52735359]\n",
      "Rotation Vectors: [[[2.78679121 0.38380473 0.33085742]]]\n",
      "Translation Vectors: [[[-0.02189833 -0.00963811  0.10295585]]]\n",
      "Rotation Matrix:\n",
      " [[ 0.93750751  0.2247778   0.26562117]\n",
      " [ 0.29584564 -0.9167549  -0.26839487]\n",
      " [ 0.1831803   0.33020507 -0.92596414]]\n",
      "Euler Angles (before adjustment): [160.37342212 -10.55505855  17.51393264]\n",
      "Euler Angles (after adjustment): [160.37342212 -10.55505855  17.51393264]\n",
      "Translation Vector (in mm): [-21.89833377  -9.63810731 102.95584802]\n",
      "Final Vector: [-21.89833377  -9.63810731 102.95584802 160.37342212 -10.55505855\n",
      "  17.51393264]\n",
      "Rotation Vectors: [[[2.75810966 0.37855437 0.34353547]]]\n",
      "Translation Vectors: [[[-0.02174215 -0.00957876  0.10230357]]]\n",
      "Rotation Matrix:\n",
      " [[ 0.9354408   0.21750528  0.27864308]\n",
      " [ 0.29838249 -0.90850965 -0.29253736]\n",
      " [ 0.1895215   0.3567936  -0.91475676]]\n",
      "Euler Angles (before adjustment): [158.69212557 -10.92486103  17.69139742]\n",
      "Euler Angles (after adjustment): [158.69212557 -10.92486103  17.69139742]\n",
      "Translation Vector (in mm): [-21.7421454   -9.5787576  102.30356513]\n",
      "Final Vector: [-21.7421454   -9.5787576  102.30356513 158.69212557 -10.92486103\n",
      "  17.69139742]\n",
      "Rotation Vectors: [[[-2.65622151 -0.47790113 -0.28269751]]]\n",
      "Translation Vectors: [[[-0.02188881 -0.00960184  0.1030999 ]]]\n",
      "Rotation Matrix:\n",
      " [[ 0.92004011  0.37245797  0.1216604 ]\n",
      " [ 0.28598872 -0.85058255  0.44127064]\n",
      " [ 0.26783698 -0.37119319 -0.88908884]]\n",
      "Euler Angles (before adjustment): [-157.33954089  -15.53559499   17.26753039]\n",
      "Euler Angles (after adjustment): [202.66045911 -15.53559499  17.26753039]\n",
      "Translation Vector (in mm): [-21.88880882  -9.60184068 103.0998954 ]\n",
      "Final Vector: [-21.88880882  -9.60184068 103.0998954  202.66045911 -15.53559499\n",
      "  17.26753039]\n",
      "Rotation Vectors: [[[-2.6425449  -0.46943284 -0.27919492]]]\n",
      "Translation Vectors: [[[-0.02180336 -0.00960879  0.10268911]]]\n",
      "Rotation Matrix:\n",
      " [[ 0.92201833  0.36864201  0.11825935]\n",
      " [ 0.27990342 -0.84578184  0.45421047]\n",
      " [ 0.26746268 -0.38568918 -0.88301052]]\n",
      "Euler Angles (before adjustment): [-156.40482911  -15.51333695   16.88707554]\n",
      "Euler Angles (after adjustment): [203.59517089 -15.51333695  16.88707554]\n",
      "Translation Vector (in mm): [-21.80336314  -9.60878775 102.68911403]\n",
      "Final Vector: [-21.80336314  -9.60878775 102.68911403 203.59517089 -15.51333695\n",
      "  16.88707554]\n",
      "Rotation Vectors: [[[-2.63585783 -0.47191845 -0.27152831]]]\n",
      "Translation Vectors: [[[-0.02179046 -0.00959488  0.10262687]]]\n",
      "Rotation Matrix:\n",
      " [[ 0.9222346   0.37021116  0.11147661]\n",
      " [ 0.28243287 -0.84198351  0.45966884]\n",
      " [ 0.264036   -0.39243785 -0.88106613]]\n",
      "Euler Angles (before adjustment): [-155.99121178  -15.30967976   17.02712342]\n",
      "Euler Angles (after adjustment): [204.00878822 -15.30967976  17.02712342]\n",
      "Translation Vector (in mm): [-21.79046175  -9.59487531 102.62687189]\n",
      "Final Vector: [-21.79046175  -9.59487531 102.62687189 204.00878822 -15.30967976\n",
      "  17.02712342]\n",
      "Rotation Vectors: [[[-3.40643919 -0.46268646 -0.40251621]]]\n",
      "Translation Vectors: [[[-0.02181813 -0.00966625  0.10285354]]]\n",
      "Rotation Matrix:\n",
      " [[ 0.93880181  0.219924    0.26511241]\n",
      " [ 0.2930022  -0.91452331 -0.27892083]\n",
      " [ 0.18111009  0.3395299  -0.92299436]]\n",
      "Euler Angles (before adjustment): [159.80360322 -10.4344262   17.3332625 ]\n",
      "Euler Angles (after adjustment): [159.80360322 -10.4344262   17.3332625 ]\n",
      "Translation Vector (in mm): [-21.81812813  -9.66624948 102.85353939]\n",
      "Final Vector: [-21.81812813  -9.66624948 102.85353939 159.80360322 -10.4344262\n",
      "  17.3332625 ]\n",
      "Rotation Vectors: [[[-2.62855316 -0.47724695 -0.28085482]]]\n",
      "Translation Vectors: [[[-0.0217807  -0.0095605   0.10250568]]]\n",
      "Rotation Matrix:\n",
      " [[ 0.91933905  0.37596004  0.1160593 ]\n",
      " [ 0.28400156 -0.83819795  0.46558276]\n",
      " [ 0.27232118 -0.39506739 -0.87736135]]\n",
      "Euler Angles (before adjustment): [-155.75841947  -15.80243726   17.16692737]\n",
      "Euler Angles (after adjustment): [204.24158053 -15.80243726  17.16692737]\n",
      "Translation Vector (in mm): [-21.78070082  -9.56049796 102.50568064]\n",
      "Final Vector: [-21.78070082  -9.56049796 102.50568064 204.24158053 -15.80243726\n",
      "  17.16692737]\n",
      "Rotation Vectors: [[[-3.40725937 -0.46250446 -0.40388614]]]\n",
      "Translation Vectors: [[[-0.02184217 -0.00966282  0.10280701]]]\n",
      "Rotation Matrix:\n",
      " [[ 0.93869218  0.21948754  0.26586126]\n",
      " [ 0.29300321 -0.91427842 -0.27972146]\n",
      " [ 0.18167584  0.34047055 -0.92253655]]\n",
      "Euler Angles (before adjustment): [159.74295691 -10.46738816  17.33522183]\n",
      "Euler Angles (after adjustment): [159.74295691 -10.46738816  17.33522183]\n",
      "Translation Vector (in mm): [-21.84217388  -9.66281831 102.80701433]\n",
      "Final Vector: [-21.84217388  -9.66281831 102.80701433 159.74295691 -10.46738816\n",
      "  17.33522183]\n",
      "Rotation Vectors: [[[2.76245505 0.37646302 0.32536641]]]\n",
      "Translation Vectors: [[[-0.0217388  -0.00963638  0.10243746]]]\n",
      "Rotation Matrix:\n",
      " [[ 0.93889409  0.21859308  0.26588523]\n",
      " [ 0.29474288 -0.9095364  -0.29303614]\n",
      " [ 0.17777662  0.35349768 -0.9183871 ]]\n",
      "Euler Angles (before adjustment): [158.947715   -10.24028092  17.42840769]\n",
      "Euler Angles (after adjustment): [158.947715   -10.24028092  17.42840769]\n",
      "Translation Vector (in mm): [-21.73880149  -9.63638188 102.43745914]\n",
      "Final Vector: [-21.73880149  -9.63638188 102.43745914 158.947715   -10.24028092\n",
      "  17.42840769]\n",
      "Rotation Vectors: [[[-3.40643919 -0.46268646 -0.40251621]]]\n",
      "Translation Vectors: [[[-0.02181813 -0.00966625  0.10285354]]]\n",
      "Rotation Matrix:\n",
      " [[ 0.93880181  0.219924    0.26511241]\n",
      " [ 0.2930022  -0.91452331 -0.27892083]\n",
      " [ 0.18111009  0.3395299  -0.92299436]]\n",
      "Euler Angles (before adjustment): [159.80360322 -10.4344262   17.3332625 ]\n",
      "Euler Angles (after adjustment): [159.80360322 -10.4344262   17.3332625 ]\n",
      "Translation Vector (in mm): [-21.81812813  -9.66624948 102.85353939]\n",
      "Final Vector: [-21.81812813  -9.66624948 102.85353939 159.80360322 -10.4344262\n",
      "  17.3332625 ]\n",
      "Rotation Vectors: [[[2.77001602 0.38149581 0.31630601]]]\n",
      "Translation Vectors: [[[-0.0217969  -0.00968821  0.10266604]]]\n",
      "Rotation Matrix:\n",
      " [[ 0.93962093  0.22363856  0.25903341]\n",
      " [ 0.29597488 -0.91103717 -0.28707167]\n",
      " [ 0.17178877  0.34640593 -0.92222099]]\n",
      "Euler Angles (before adjustment): [159.41274751  -9.89183831  17.48411045]\n",
      "Euler Angles (after adjustment): [159.41274751  -9.89183831  17.48411045]\n",
      "Translation Vector (in mm): [-21.79690349  -9.68821427 102.66603975]\n",
      "Final Vector: [-21.79690349  -9.68821427 102.66603975 159.41274751  -9.89183831\n",
      "  17.48411045]\n",
      "Rotation Vectors: [[[2.75908467 0.41340505 0.31740244]]]\n",
      "Translation Vectors: [[[-0.02165226 -0.00974229  0.10253525]]]\n",
      "Rotation Matrix:\n",
      " [[ 0.93299125  0.24433574  0.26424869]\n",
      " [ 0.31838862 -0.90267547 -0.28949212]\n",
      " [ 0.16779753  0.35422739 -0.91998203]]\n",
      "Euler Angles (before adjustment): [158.94143362  -9.65978758  18.84250155]\n",
      "Euler Angles (after adjustment): [158.94143362  -9.65978758  18.84250155]\n",
      "Translation Vector (in mm): [-21.65226369  -9.74228687 102.53524878]\n",
      "Final Vector: [-21.65226369  -9.74228687 102.53524878 158.94143362  -9.65978758\n",
      "  18.84250155]\n",
      "Rotation Vectors: [[[-2.62408908 -0.53400767 -0.27635827]]]\n",
      "Translation Vectors: [[[-0.02164805 -0.00959741  0.10226439]]]\n",
      "Rotation Matrix:\n",
      " [[ 0.90518463  0.41209944  0.10399437]\n",
      " [ 0.32288939 -0.82588009  0.46223859]\n",
      " [ 0.27637515 -0.38483259 -0.88063651]]\n",
      "Euler Angles (before adjustment): [-156.39497619  -16.04398074   19.63188073]\n",
      "Euler Angles (after adjustment): [203.60502381 -16.04398074  19.63188073]\n",
      "Translation Vector (in mm): [-21.64804763  -9.59741438 102.2643893 ]\n",
      "Final Vector: [-21.64804763  -9.59741438 102.2643893  203.60502381 -16.04398074\n",
      "  19.63188073]\n",
      "Rotation Vectors: [[[-2.62951038 -0.45420391 -0.21323218]]]\n",
      "Translation Vectors: [[[-0.02212447 -0.01070306  0.10141794]]]\n",
      "Rotation Matrix:\n",
      " [[ 0.93345791  0.3513532   0.07216134]\n",
      " [ 0.27996698 -0.83945949  0.46575343]\n",
      " [ 0.22422048 -0.41455843 -0.88196739]]\n",
      "Euler Angles (before adjustment): [-154.82467917  -12.95704384   16.69527997]\n",
      "Euler Angles (after adjustment): [205.17532083 -12.95704384  16.69527997]\n",
      "Translation Vector (in mm): [-22.12447267 -10.70306077 101.4179399 ]\n",
      "Final Vector: [-22.12447267 -10.70306077 101.4179399  205.17532083 -12.95704384\n",
      "  16.69527997]\n",
      "未检测到任何标记或估计姿态失败\n",
      "未检测到任何标记或估计姿态失败\n",
      "未检测到任何标记或估计姿态失败\n",
      "Rotation Vectors: [[[2.74664017 0.41762806 0.31276034]]]\n",
      "Translation Vectors: [[[-0.02135281 -0.00891746  0.10115085]]]\n",
      "Rotation Matrix:\n",
      " [[ 0.93240423  0.24689885  0.26393806]\n",
      " [ 0.32274235 -0.89748583 -0.30059368]\n",
      " [ 0.16266444  0.36545881 -0.9165043 ]]\n",
      "Euler Angles (before adjustment): [158.26021154  -9.36158362  19.09278069]\n",
      "Euler Angles (after adjustment): [158.26021154  -9.36158362  19.09278069]\n",
      "Translation Vector (in mm): [-21.35280984  -8.91746278 101.15084998]\n",
      "Final Vector: [-21.35280984  -8.91746278 101.15084998 158.26021154  -9.36158362\n",
      "  19.09278069]\n",
      "未检测到任何标记或估计姿态失败\n",
      "Rotation Vectors: [[[-2.6379982  -0.50326191 -0.26927957]]]\n",
      "Translation Vectors: [[[-0.02166942 -0.00992355  0.10179816]]]\n",
      "Rotation Matrix:\n",
      " [[ 0.91486644  0.38965382  0.1057795 ]\n",
      " [ 0.30420252 -0.83747664  0.45397545]\n",
      " [ 0.26548113 -0.38314851 -0.88471294]]\n",
      "Euler Angles (before adjustment): [-156.58369024  -15.39554378   18.39249776]\n",
      "Euler Angles (after adjustment): [203.41630976 -15.39554378  18.39249776]\n",
      "Translation Vector (in mm): [-21.66941861  -9.92354605 101.79815705]\n",
      "Final Vector: [-21.66941861  -9.92354605 101.79815705 203.41630976 -15.39554378\n",
      "  18.39249776]\n",
      "Rotation Vectors: [[[2.69033414 0.428014   0.35034727]]]\n",
      "Translation Vectors: [[[-0.02228428 -0.00946907  0.09875494]]]\n",
      "Rotation Matrix:\n",
      " [[ 0.92201297  0.24444592  0.30023037]\n",
      " [ 0.34261267 -0.87630264 -0.338689  ]\n",
      " [ 0.18030152  0.41513838 -0.89171267]]\n",
      "Euler Angles (before adjustment): [155.03558591 -10.38732313  20.38466478]\n",
      "Euler Angles (after adjustment): [155.03558591 -10.38732313  20.38466478]\n",
      "Translation Vector (in mm): [-22.28428247  -9.46906631  98.75494329]\n",
      "Final Vector: [-22.28428247  -9.46906631  98.75494329 155.03558591 -10.38732313\n",
      "  20.38466478]\n",
      "未检测到任何标记或估计姿态失败\n",
      "Rotation Vectors: [[[2.75462366 0.43551235 0.3241778 ]]]\n",
      "Translation Vectors: [[[-0.02163881 -0.00952943  0.10177166]]]\n",
      "Rotation Matrix:\n",
      " [[ 0.92727912  0.25812242  0.27115725]\n",
      " [ 0.33382075 -0.89795283 -0.28678288]\n",
      " [ 0.16946133  0.3564457  -0.91881953]]\n",
      "Euler Angles (before adjustment): [158.79679727  -9.75650114  19.798891  ]\n",
      "Euler Angles (after adjustment): [158.79679727  -9.75650114  19.798891  ]\n",
      "Translation Vector (in mm): [-21.63880814  -9.52942786 101.77165812]\n",
      "Final Vector: [-21.63880814  -9.52942786 101.77165812 158.79679727  -9.75650114\n",
      "  19.798891  ]\n",
      "Rotation Vectors: [[[-3.37587318 -0.55707    -0.35808204]]]\n",
      "Translation Vectors: [[[-0.02105537 -0.00956541  0.10279493]]]\n",
      "Rotation Matrix:\n",
      " [[ 0.92752973  0.28014574  0.2474004 ]\n",
      " [ 0.34139113 -0.90446165 -0.25573664]\n",
      " [ 0.15212065  0.32166364 -0.93455434]]\n",
      "Euler Angles (before adjustment): [161.00708326  -8.74984112  20.20688948]\n",
      "Euler Angles (after adjustment): [161.00708326  -8.74984112  20.20688948]\n",
      "Translation Vector (in mm): [-21.05537263  -9.56541366 102.79492677]\n",
      "Final Vector: [-21.05537263  -9.56541366 102.79492677 161.00708326  -8.74984112\n",
      "  20.20688948]\n",
      "Rotation Vectors: [[[-2.6512744  -0.53452148 -0.27611179]]]\n",
      "Translation Vectors: [[[-0.02116238 -0.00952234  0.10264922]]]\n",
      "Rotation Matrix:\n",
      " [[ 0.90637352  0.40826281  0.10866702]\n",
      " [ 0.3248973  -0.83799041  0.43842197]\n",
      " [ 0.2700533  -0.36206845 -0.8921758 ]]\n",
      "Euler Angles (before adjustment): [-157.91138954  -15.66743879   19.72064996]\n",
      "Euler Angles (after adjustment): [202.08861046 -15.66743879  19.72064996]\n",
      "Translation Vector (in mm): [-21.16237665  -9.52233979 102.64922015]\n",
      "Final Vector: [-21.16237665  -9.52233979 102.64922015 202.08861046 -15.66743879\n",
      "  19.72064996]\n",
      "Rotation Vectors: [[[-3.17678418 -0.54897005 -0.29148749]]]\n",
      "Translation Vectors: [[[-0.02222074 -0.01032048  0.10865723]]]\n",
      "Rotation Matrix:\n",
      " [[ 0.92642803  0.32353383  0.19250185]\n",
      " [ 0.34069366 -0.93805885 -0.06303513]\n",
      " [ 0.16018407  0.12398167 -0.97926994]]\n",
      "Euler Angles (before adjustment): [172.78438747  -9.21758028  20.19098492]\n",
      "Euler Angles (after adjustment): [172.78438747  -9.21758028  20.19098492]\n",
      "Translation Vector (in mm): [-22.22073577 -10.32048316 108.65723372]\n",
      "Final Vector: [-22.22073577 -10.32048316 108.65723372 172.78438747  -9.21758028\n",
