-9.461955106132768911e-01 -1.170771672158825494e+00 1.940547775249318008e+01 1.611309028639473695e+02 2.266604913048389847e+00 1.836805785297564171e+02
-9.474827382021445699e-01 -1.171087668384761304e+00 1.941370420761025883e+01 1.611306517320815885e+02 2.217190220344589235e+00 1.837720577018210975e+02
-9.474279855443803466e-01 -1.171974853785696880e+00 1.941351567701103420e+01 1.611552787852085373e+02 2.221114873230439990e+00 1.836268956914746582e+02
-9.469939801650736344e-01 -1.172387005504481827e+00 1.941258655352524798e+01 1.611450034392285033e+02 2.311103668516240273e+00 1.835139949596551219e+02
-9.469523845550766872e-01 -1.171490012048845841e+00 1.941320765125572478e+01 1.611297659655068628e+02 2.263324768945556009e+00 1.836679044143242265e+02
-9.467886222737348367e-01 -1.170715299051198865e+00 1.941366620896384632e+01 1.611339744724486707e+02 2.301544373038908020e+00 1.837910891863364782e+02
-9.472631802394186895e-01 -1.171430029851981303e+00 1.941315287520686539e+01 1.611296519641676070e+02 2.249760858962281063e+00 1.836577121859155284e+02
-9.466804044037636645e-01 -1.171144896612831943e+00 1.941286150266046562e+01 1.611404216848277713e+02 2.281608437972972414e+00 1.836706177372148545e+02
-9.473638833591551123e-01 -1.171322959262629748e+00 1.941279173075923126e+01 1.611402468961116483e+02 2.202512541510642130e+00 1.836756891214432130e+02
-9.475384498075513084e-01 -1.171475136664414052e+00 1.941222755692497159e+01 1.611537953684143076e+02 2.220956380074188719e+00 1.836126155150580246e+02
-9.474000636445769619e-01 -1.170475445103050571e+00 1.941324000469525402e+01 1.611369511210938015e+02 2.216727639007886275e+00 1.837938028378141553e+02
-9.470366076871571392e-01 -1.170839214988108168e+00 1.941271494443633117e+01 1.611347889979501531e+02 2.272336193276060179e+00 1.836888802292989453e+02
-9.467434240050854877e-01 -1.171267621356660182e+00 1.941348709795244076e+01 1.611287361424070070e+02 2.287979978788702518e+00 1.836785790580727848e+02
-9.471775820442980276e-01 -1.171277474259051932e+00 1.941302732212025717e+01 1.611306978017012739e+02 2.227624471653291138e+00 1.836839850393523932e+02
-9.473287047774318070e-01 -1.171436425561790173e+00 1.941304228872794368e+01 1.611408213430381977e+02 2.222972547831839840e+00 1.836735055895878475e+02
-9.470630908911281676e-01 -1.170831597304080374e+00 1.941379234372956120e+01 1.611402320120304523e+02 2.294597484999329584e+00 1.837883017068704135e+02
-9.467035700623299688e-01 -1.170969025296656696e+00 1.941337833902492349e+01 1.611385818359482585e+02 2.335301275354983996e+00 1.837147426832049177e+02
-9.469767037202894144e-01 -1.170885256864301338e+00 1.941368604622121552e+01 1.611354628667134534e+02 2.269209253809663984e+00 1.837267259223848725e+02
-9.469070267812157438e-01 -1.170684140542356699e+00 1.941354929668463214e+01 1.611286489304163752e+02 2.237392434586265466e+00 1.837261195107692231e+02
-9.465941237647170770e-01 -1.171004169962987840e+00 1.941315042657159395e+01 1.611219972412649781e+02 2.303782008264444681e+00 1.837237966143290748e+02
-9.472698347184204115e-01 -1.171281441659622002e+00 1.941363159843863784e+01 1.611269699317897448e+02 2.250343901985125239e+00 1.837120166786257585e+02
-9.469170012348544496e-01 -1.170899140673167915e+00 1.941336828828578476e+01 1.611326161372495278e+02 2.329686875264807000e+00 1.836897283366189981e+02
-9.465895399043925407e-01 -1.171060311491985084e+00 1.941320538395808626e+01 1.611240378417601846e+02 2.322596542480043436e+00 1.837179390000075898e+02
-9.475428349079404455e-01 -1.170050628590413533e+00 1.941118680793728046e+01 1.611332098385748850e+02 2.159980279327332386e+00 1.837924342777350830e+02
-9.474510163897109649e-01 -1.171801492439895176e+00 1.941414668061311133e+01 1.611331150220017889e+02 2.186609104171732820e+00 1.836033127420559765e+02
-9.472275148015870672e-01 -1.170585533146841328e+00 1.941282895877372994e+01 1.611300060507260810e+02 2.210601676183724162e+00 1.837563207239998349e+02
-9.467001081313070054e-01 -1.169925505335450255e+00 1.941205656030570736e+01 1.611223034205313240e+02 2.267654728771203221e+00 1.838217538624020619e+02
-9.470091558409120536e-01 -1.170552962629447080e+00 1.941109750042400606e+01 1.611286411089702710e+02 2.268111252815749879e+00 1.837301235309935805e+02
-9.471511244037017496e-01 -1.171149600042892036e+00 1.941374398503191046e+01 1.611489627289042517e+02 2.244280596298231956e+00 1.836074665362843916e+02
-9.460031842022386117e-01 -1.172248349852089921e+00 1.941473987532544143e+01 1.611391486417822989e+02 2.429639935340611068e+00 1.834804147202087563e+02
-9.468706390688201857e-01 -1.170680234176643353e+00 1.941336835735518918e+01 1.611292801689755265e+02 2.327690603163604433e+00 1.837491067730371412e+02
-9.465616564574768077e-01 -1.170608353679431390e+00 1.941213286278840044e+01 1.611340133924622648e+02 2.386613039665672620e+00 1.836847598856195134e+02
-9.469071366366467180e-01 -1.170771553573217272e+00 1.941262590247931996e+01 1.611250064547598697e+02 2.280174575469195108e+00 1.837478280102962174e+02
-9.468637935372404835e-01 -1.171462217724525523e+00 1.941277806333413025e+01 1.611348168985289533e+02 2.310960095096868283e+00 1.836410241691330896e+02
-9.470483151353091822e-01 -1.170826683747925090e+00 1.941094193714549831e+01 1.611336485633881352e+02 2.270121632928415956e+00 1.836829288648973204e+02
-9.471600681529509513e-01 -1.171539225544358187e+00 1.941361686602660441e+01 1.611279613219298597e+02 2.225513043413789749e+00 1.835943373260741680e+02
-9.468472875518175735e-01 -1.171138144606560072e+00 1.941323701007606672e+01 1.611357832402536303e+02 2.255083691668315460e+00 1.837201786140814761e+02
-9.471267366741084048e-01 -1.171025974657055713e+00 1.941352408448001299e+01 1.611382521800270808e+02 2.227309265034155494e+00 1.836977959532485158e+02
-9.473603890579731512e-01 -1.171213484418611728e+00 1.941316846760615178e+01 1.611352163365901333e+02 2.181227956647055155e+00 1.836867834923076828e+02
-9.472574721701487732e-01 -1.170187942749501664e+00 1.941373593618265403e+01 1.611121856651413964e+02 2.200995080847174545e+00 1.837825884492744137e+02
-9.475526686273531007e-01 -1.171156632833879829e+00 1.941342233987351307e+01 1.611333621276444319e+02 2.181185832102894295e+00 1.836590768949147048e+02
-9.464569528280891708e-01 -1.171223129007801900e+00 1.941274006751862302e+01 1.611332946040834599e+02 2.367983481297355031e+00 1.836352822518028916e+02
-9.474721147015249256e-01 -1.171410009465260416e+00 1.941408478947407446e+01 1.611363847713010671e+02 2.256637451278621143e+00 1.836660525114785969e+02
-9.464330078941239899e-01 -1.170566827843857682e+00 1.941297874671732515e+01 1.611265849409164730e+02 2.353058071776187088e+00 1.837142481179758420e+02
-9.466261619290987639e-01 -1.170461934351058053e+00 1.941263231446333037e+01 1.611414344536856618e+02 2.369216418504964228e+00 1.837158851780540658e+02
-9.475097180959588528e-01 -1.170772169773964810e+00 1.941349740820130165e+01 1.611347205313503537e+02 2.198421198057319170e+00 1.837025707527319867e+02
-9.471626725717018358e-01 -1.171235295950508792e+00 1.941151520190927826e+01 1.611354054535229636e+02 2.234470297308230879e+00 1.836490847909907984e+02
-9.469235833133659019e-01 -1.171266047323115123e+00 1.941429478328779012e+01 1.611336833562087634e+02 2.328799726293825589e+00 1.836976467886715056e+02
-9.468019967312543139e-01 -1.170544178654999490e+00 1.941187570265785567e+01 1.611335969578235847e+02 2.290817527794433150e+00 1.837497985967820000e+02
-9.474829603943552003e-01 -1.170505913991802815e+00 1.941084836083529197e+01 1.611332257667045269e+02 2.185952616024628981e+00 1.836818655120983692e+02
-9.476569607729511402e-01 -1.170655158291890041e+00 1.941315609642268925e+01 1.611380042309958469e+02 2.193491184139654493e+00 1.837134474180326151e+02
-9.471569472862328976e-01 -1.170992992029869617e+00 1.941394451069376714e+01 1.611380245651562575e+02 2.260953022796881928e+00 1.836470750326997461e+02
-9.469099000871260552e-01 -1.170410696058154176e+00 1.941457632842440617e+01 1.611280561839509176e+02 2.277131631784850008e+00 1.837296967133051169e+02
-9.471200562412657176e-01 -1.171140589114206154e+00 1.941370892234681023e+01 1.611408579986485563e+02 2.279827608114333604e+00 1.836668433919910228e+02
-9.465209054160109714e-01 -1.170342565471564455e+00 1.941353249887858468e+01 1.611285386705507392e+02 2.338301264949117275e+00 1.837804823662371234e+02
-9.473034933406365710e-01 -1.170711573165772013e+00 1.941359498842918541e+01 1.611299218648701697e+02 2.207135771867998919e+00 1.837378235748674058e+02
-9.468975282803152593e-01 -1.171115239524407103e+00 1.941238572054281519e+01 1.611399864434071389e+02 2.294289088514923414e+00 1.836719469533980202e+02
-9.474378781715393494e-01 -1.170366279549102106e+00 1.941295381810094156e+01 1.611446622135126745e+02 2.199878343245974310e+00 1.837596140389573520e+02
-9.472845662988399473e-01 -1.171358232428823865e+00 1.941531238038860963e+01 1.611351891239706333e+02 2.249179939717931287e+00 1.836678637980957092e+02
-9.468653167673125592e-01 -1.170671036005636045e+00 1.941435038529379753e+01 1.611393913949746377e+02 2.334873372100078281e+00 1.837519498832327542e+02
-9.467623241765131814e-01 -1.170512840035899504e+00 1.941291431767853126e+01 1.611272768862480973e+02 2.282124127098832389e+00 1.837615056265194369e+02
-9.467584317494299739e-01 -1.170736921127346397e+00 1.941355809060555515e+01 1.611235024641295013e+02 2.325830989699454232e+00 1.836944665358082318e+02
-9.472290499234424788e-01 -1.171001164681425344e+00 1.941196999733270090e+01 1.611306438581856355e+02 2.255425979152003269e+00 1.836373882243335061e+02
-9.472538481929240195e-01 -1.171050401072860181e+00 1.941347720876126814e+01 1.611316732322700034e+02 2.245828224203576085e+00 1.836108385802887142e+02
-9.472736082498506294e-01 -1.170521954092533790e+00 1.941354806031298708e+01 1.611265222242840593e+02 2.238796415988154376e+00 1.837283683565634078e+02
-9.470403611118810572e-01 -1.170930453356261669e+00 1.941196380136970134e+01 1.611263968864257947e+02 2.241716172593631651e+00 1.835808698651680118e+02
-9.467261764799889123e-01 -1.170842539236352620e+00 1.941334883967459035e+01 1.611301740061069552e+02 2.318825808449819448e+00 1.836575772461969507e+02
-9.470501683712708729e-01 -1.170290525090817990e+00 1.941391477682934763e+01 1.611319344426375153e+02 2.319289595320878306e+00 1.837496241119310127e+02
-9.472359672897671112e-01 -1.171270925789773099e+00 1.941426234421309260e+01 1.611379407727596629e+02 2.289978366116778741e+00 1.835739022360020272e+02
-9.468735969428035970e-01 -1.170624442692286271e+00 1.941353449937698272e+01 1.611384472662478231e+02 2.255982230542024958e+00 1.836841561090124060e+02
-9.472815675332129093e-01 -1.170262035616991714e+00 1.941157822652973053e+01 1.611313833335853190e+02 2.202958203832571460e+00 1.837288242985557076e+02
-9.462555718803370430e-01 -1.169769330061106283e+00 1.941335856265770587e+01 1.611286449509764509e+02 2.377843209793101487e+00 1.838268896370884988e+02
-9.477312161212697594e-01 -1.170493910164332130e+00 1.941348443288958237e+01 1.611328016013049478e+02 2.182841045090320620e+00 1.837389526242203033e+02
-9.470574424339412989e-01 -1.170289719141458740e+00 1.941213814034458807e+01 1.611348437495547898e+02 2.263618085604418351e+00 1.837424706192097972e+02
-9.469287679106623834e-01 -1.170835816852107358e+00 1.941299702029873941e+01 1.611331347093148452e+02 2.216178056337843039e+00 1.836590091807294698e+02
-9.470537014862258074e-01 -1.170590749525256991e+00 1.941219883011131486e+01 1.611324833927676536e+02 2.210630655385810162e+00 1.836796889572832470e+02
-9.473093537150362176e-01 -1.171072204502373371e+00 1.941310750330218582e+01 1.611409030750916713e+02 2.257805467120124199e+00 1.836050242751899759e+02
-9.468562910200098992e-01 -1.170863681404239243e+00 1.941199600910895029e+01 1.611400821829932681e+02 2.246538021948028430e+00 1.836409868457454309e+02
-9.469095954100777979e-01 -1.170444484273488017e+00 1.941277987324166432e+01 1.611291573184522576e+02 2.271571732770539587e+00 1.837274207398948249e+02
-9.466326647240351777e-01 -1.170194843881544156e+00 1.941158698365685709e+01 1.611344624380202788e+02 2.322788288730043504e+00 1.837296683250480953e+02
-9.469004778374233711e-01 -1.170783447960330292e+00 1.941033319492931142e+01 1.611285803935693650e+02 2.267536823265398294e+00 1.836789152397804230e+02
-9.471241388356942403e-01 -1.170278278087389268e+00 1.941141129957360434e+01 1.611178603540481333e+02 2.252543723706139200e+00 1.837278874293411377e+02
-9.468603309549312730e-01 -1.170267710893125424e+00 1.941189754145668189e+01 1.611281790674708247e+02 2.240462824559814159e+00 1.837084981167248827e+02
-9.470381397981471050e-01 -1.170796279345537316e+00 1.941479076242002932e+01 1.611237990988172726e+02 2.276279792501015642e+00 1.836639206507068991e+02
-9.470137087383208030e-01 -1.170646406708039544e+00 1.941320854723717915e+01 1.611304581336610227e+02 2.279964271714438606e+00 1.836841622730950974e+02
-9.476279357564568739e-01 -1.170447900117072448e+00 1.941123474782353142e+01 1.611282451604499215e+02 2.189990417192151373e+00 1.837057977865696046e+02
-9.471994631879877558e-01 -1.170425812323438564e+00 1.941305373793139211e+01 1.611365748345637883e+02 2.272427311991921162e+00 1.837005178758141426e+02
-9.469146106948916897e-01 -1.170837385121263674e+00 1.941525734277549020e+01 1.611360914776441291e+02 2.318809132189075140e+00 1.836486522609689871e+02
-9.473524503199076685e-01 -1.170408518980438739e+00 1.941409772841050696e+01 1.611317202250653793e+02 2.231348544302902859e+00 1.837368921339290182e+02
-9.472968885300658837e-01 -1.170106870358683215e+00 1.941203616567719337e+01 1.611344743977757048e+02 2.250232157123613685e+00 1.837451771448495776e+02
-9.471328181231055687e-01 -1.171146519194661506e+00 1.941326997808478794e+01 1.611409064760621277e+02 2.291049547407274289e+00 1.836075002597406467e+02
-9.474117464165784375e-01 -1.169654379828665824e+00 1.941228747221613915e+01 1.611263230663087427e+02 2.233376116706171199e+00 1.837938037612049698e+02
-9.469812963232521197e-01 -1.170178837804030536e+00 1.941241422832252894e+01 1.611377591327034224e+02 2.261326708129254737e+00 1.837011047570273092e+02
-9.463291034204495134e-01 -1.171135155305280229e+00 1.941370485007411517e+01 1.611490762178728460e+02 2.321147633780532793e+00 1.835731572833697953e+02
-9.470695365996558701e-01 -1.170131630817170976e+00 1.941047842783504507e+01 1.611300582225074720e+02 2.255233023081608223e+00 1.837298273004705891e+02
-9.466662300647946671e-01 -1.170924201729530489e+00 1.941289586452759508e+01 1.611446358727294523e+02 2.344342235318618073e+00 1.835888849669893546e+02
-9.463063049226601020e-01 -1.170511337030981203e+00 1.941221105155715421e+01 1.611323424199921988e+02 2.375513273978957507e+00 1.837037286353606760e+02
-9.470159569682774503e-01 -1.170464076171947143e+00 1.941247651776939165e+01 1.611372668738160598e+02 2.268433969184715071e+00 1.836992159834205438e+02
-9.463859728863931453e-01 -1.170386179602522336e+00 1.941138202128588830e+01 1.611218121313913798e+02 2.330750956206548263e+00 1.837317111896784922e+02
-9.465946016477131408e-01 -1.169931173883577813e+00 1.941203249108425055e+01 1.611384500267665487e+02 2.306586664706586465e+00 1.837750877243347816e+02
